-0.175203956166	-0.0266548785343
-0.12388529011	0.015006957673
0.367394061334	-0.381401734078
-0.971836255065	-0.375346969755
-0.23649693805	0.340014447392
-0.575250663671	-0.422015149913
0.206875901308	-0.872256640565
0.696600827144	-0.164602629741
0.65295111678	0.0364925549842
-0.542833622886	-0.323896938612
0.62436419196	-0.204659137158
0.499356502817	-0.156165715202
0.920840766878	-0.182407365471
-0.0627152230527	-0.558182016671
0.306675586331	-0.992546787816
0.0933359826568	-0.948818016527
-0.526310619221	-0.924808365267
-0.601933442669	-0.617705878464
0.305235545518	-0.0153032801549
-0.17136738762	0.90852052736
0.99870651787	-0.761556360166
-0.964911799608	-0.975567913086
0.19804022533	-0.693862238034
-0.044608185916	0.250588858384
0.434197403257	-0.765642774491
-0.878404053717	-0.0432516128561
-0.0488210203108	0.651643871087
0.358324811518	-0.861041836774
-0.948533184143	-0.95495117937
-0.36563366858	-0.989887786281
-0.0885937924603	0.978012179345
-0.602989669382	-0.122459913451
-0.464767975038	0.855781783997
0.152799197439	0.543421217745
0.817264129673	0.658853187857
-0.334832562391	0.359939363717
0.394051165829	0.803496278908
-0.778034600853	-0.0810217374229
-0.694484320293	-0.335261173536
0.868357331504	0.267486789758
0.534789301161	0.472337153127
0.361208500309	-0.606199244961
0.916776658323	-0.703985965881
-0.805268505335	-0.363828096721
0.759705907794	-0.542695021474
0.691518626113	-0.101334702276
0.326959899702	-0.237720804002
0.571472271494	0.749609271873
-0.585014195306	0.452929866446
-0.739496549594	0.892023730093
0.240233304361	-0.750146482227
0.52031227622	-0.427446477259
-0.127501750025	-0.077131006892
-0.248940219076	-0.454007017289
0.697936569411	-0.109824223726
0.984307955392	-0.735783050613
-0.347286129539	-0.0650315180782
-0.417762437927	0.886369549138
0.0909362433249	-0.641796138603
-0.852856208663	0.46330084491
0.674974585734	0.823190086661
0.482499328777	-0.441200724139
-0.447108012463	0.501468315584
0.347945174227	0.807710355429
-0.534125723411	-0.0504222353952
-0.372613241709	-0.558982934303
0.334912935358	0.477998322619
-0.730053602495	-0.467095997229
-0.58940027466	-0.602212410602
-0.847952018783	-0.00665345848357
-0.203897409815	0.641446039317
-0.960037550076	0.313314301158
-0.230443566549	-0.914984403023
0.288814159772	0.487411126522
0.400672045351	0.56388294025
0.512769845535	0.914528342472
0.44082520684	0.919901224846
0.401088059855	-0.480547658658
-0.405640367286	-0.211928677267
-0.169162473979	0.0901095716968
0.0764431775174	-0.212990980316
-0.00425833721203	0.667885500788
-0.948501209155	-0.494152182358
-0.955846862404	0.386386573427
-0.167604588466	0.708125248789
-0.337086569751	0.0515364911679
-0.666833440647	-0.882884237396
-0.805867541944	-0.999988717886
0.684555975871	0.186521670483
0.198870084966	-0.0837486414592
-0.547581721158	0.0936444626906
-0.33162249193	-0.964004763541
0.665732251044	0.491748000825
0.747693385206	-0.627545314821
-0.166265141997	-0.410231426295
-0.57016718078	0.153473875544
0.819746792509	-0.758101413132
-0.645436978839	0.455650112512
-0.445590435366	-0.908427768271
-0.167732862823	-0.850527288931
