0.298407446359	-0.106851954625
0.426755562977	-0.822798586363
0.151904529408	-0.840010501616
-0.764474585722	0.0208941181302
0.634435347762	-0.958061448012
0.506221134114	0.984422402691
0.274817356137	0.313225326571
-0.993327189183	-0.314707244378
0.563065866544	0.656826163324
-0.41127444912	0.525181135657
0.744502798892	0.958490338456
-0.226963964717	0.304741254354
0.93103611744	-0.276273069801
0.675028872348	-0.919446686595
-0.120706539697	0.0799392669888
0.11128433156	0.514453865656
-0.536063792716	0.507847683127
0.35481075078	-0.191697454753
0.312926601252	0.737796782869
-0.941406311909	0.7482435904
0.144292133787	-0.200771138732
0.398998762779	-0.272783882682
0.191736124924	-0.208649685495
-0.660209579439	0.554635087887
0.407331542379	0.223481973522
0.979568409992	-0.647806151025
0.991401305285	0.855934187776
0.0631525289349	-0.816688786141
0.363946386117	-0.670679663853
0.992060700501	-0.122583645238
-0.37605544988	0.961205147449
0.61494506642	-0.318638750318
-0.0152568607448	0.351183598152
-0.581474096411	-0.724509206583
0.861253257354	0.739478323654
0.909493985752	0.383062779432
0.380601465739	0.173589452957
0.544845429775	-0.772276597558
-0.312526441454	0.40358533914
-0.0389098033618	-0.927271330825
-0.351156922657	-0.573946280053
0.937828699874	0.623950952607
0.0164063341248	-0.206498933854
0.987773187485	-0.634934315404
0.0600933887595	-0.809931617644
-0.379291390246	-0.649419669496
-0.0516295396316	0.134276414899
0.633136443107	-0.602410927219
0.35400652257	-0.220969888488
0.471157817455	0.673325985236
0.807749184866	-0.84841363561
0.799152513645	0.489397495187
-0.0269663167487	0.141120650484
-0.536352039291	0.252844196515
-0.387934513998	0.396010747086
0.809257933361	-0.853598564042
-0.117955333678	0.0456052777467
-0.779583460455	-0.719402363305
0.411602957192	-0.993884637278
0.201462518341	0.534860453625
0.958017411105	-0.554793470148
0.597252377718	-0.52673595716
0.378732949511	0.214144484161
0.931889028851	-0.078781674673
0.2592015031	0.599380840038
-0.132327293516	0.840146181014
0.371428861272	0.404782823545
0.0849682622051	-0.964887623863
-0.757290055947	0.786097632504
0.597140182243	-0.227195060379
0.777809881719	-0.426702406743
0.322150417939	0.975859113564
0.0293528025188	0.67081727756
0.21938693609	-0.383259743134
0.868995236306	0.996698655345
-0.197418893745	0.77395327245
-0.494167591265	0.00439892171191
-0.0662280527578	-0.749637939324
-0.0333232515603	-0.639739761581
0.351103250686	-0.824171544122
-0.70519910352	0.515164060028
0.651353665716	0.342141432688
-0.936904250846	0.507778626385
0.152451486473	0.7898364787
-0.631077122213	0.759519083668
0.139024600152	-0.442486657397
-0.405152666644	-0.281917418491
-0.897782469806	-0.842416476928
-0.365125408322	0.597126799353
-0.126361982374	-0.649779556876
-0.779085203436	-0.451692986145
0.631414326384	-0.83146226863
-0.998734461399	-0.755642452228
0.405845268239	0.78971704223
-0.130974587704	-0.223194703627
0.669342976765	0.674097595721
0.628412736703	0.598049268994
-0.228698539967	0.922316413195
-0.428724974392	0.32593231957
-0.573605445714	0.50041296826
