-0.914498382374	0.620112236048
-0.438147130616	0.452656739891
-0.662674322217	-0.839285303107
0.426499954108	-0.86507010045
-0.59005907619	0.704291453414
-0.288253022452	0.342049961205
0.986116597138	-0.503450895906
0.870803356183	0.234695450356
0.429538827671	-0.778228589258
0.375911517333	0.946587046635
-0.0753203662229	0.871568296967
0.453355013303	0.927715084706
-0.491231992068	0.101062087218
0.174570457671	-0.938999959988
-0.396275954442	-0.770887146016
-0.63465274596	-0.935652326605
0.491222563846	0.99581811588
-0.382490618627	-0.826232597463
-0.103040537034	0.567159652707
-0.742842138939	0.284639243744
0.121569035171	0.0928688375558
-0.332943991583	0.0682701043421
0.492950979499	-0.0514010750403
-0.438086423641	-0.965203299546
0.875142342861	0.112925978397
0.231802823434	-0.169053081256
-0.514369650223	-0.1588939403
0.662184423317	-0.634600586503
0.806069985036	0.119625278666
0.0606311799616	0.130014385878
-0.630665842909	-0.355045617123
0.78171587638	-0.163484792877
-0.944883342939	0.337338455128
-0.104690668383	-0.571464522764
0.853059833504	-0.624160452823
-0.79994521077	0.708474777303
-0.720477020873	0.656856552013
0.823687898175	0.830127873394
-0.92524530515	0.666718717634
0.980578539486	0.179106669821
-0.49468980881	0.668678766859
0.415936664457	-0.71427641404
0.318759980223	-0.201498391535
-0.108613971586	-0.954988016126
-0.383281543753	0.552378925401
-0.797381327749	0.0329199397283
-0.720627637723	0.820223317481
0.569623660086	0.635859270754
-0.159496562601	0.693838699261
0.997996882211	0.03890939489
-0.988015848518	0.801622008796
0.803132273763	0.643066944906
0.0743790204723	0.872968968382
-0.741547659425	0.646558629915
0.968515860021	0.752876181216
-0.829328585423	0.024201296268
-0.791229150966	0.438078448872
0.892460116109	0.089445228437
0.520374729419	0.0841276268933
-0.550952964282	-0.925189830845
0.239047031973	-0.136462157529
-0.932185532761	-0.668783358217
0.722993726909	0.01282572687
-0.0957017953645	-0.77501512601
-0.994052716603	-0.072020985594
0.437567334212	0.305900286523
-0.384678266403	0.607610296956
-0.534713302585	0.202794458568
-0.385615603295	-0.85758566654
0.150016661569	0.530318546149
-0.946045147894	-0.848426648244
-0.402584894568	-0.206112220253
-0.653150925675	-0.567693618138
-0.671798424974	0.0036004601234
0.636700489582	0.780481358465
0.864799466609	0.559756978294
0.165253046263	0.124763901333
0.619766719238	0.974542307491
-0.556379906653	-0.916502083209
-0.688205327121	-0.211921594451
-0.322105218011	-0.292245130128
-0.595926487358	0.121342287533
0.62816804602	-0.907418425243
0.839156976666	0.267959888342
0.231131974461	-0.0706406479991
-0.85421727672	0.212390059858
-0.964194638935	-0.12079785312
0.117248615347	0.59624272436
-0.294550199087	-0.452715216537
-0.859675646228	0.996841260762
-0.932394632835	0.786927452334
-0.716993591876	-0.734916757981
0.436195149907	0.166953197835
-0.682517442415	0.793194640314
-0.353902653621	-0.747764928928
-0.910605104144	-0.153534932043
0.434175741984	-0.221353360124
0.91583767821	-0.253788544918
0.160354672191	-0.788089925364
-0.741310426521	0.312666845561
