-0.631485929174	0.659999626999
0.385005225319	0.920800302746
0.643427035611	-0.699520412323
-0.543321602286	-0.0863820274291
-0.908992242499	-0.33175021589
0.339951635297	0.190454777782
0.0252490035464	-0.699814960436
0.656717444133	0.721414866991
-0.567260548424	0.300772513634
-0.456664380806	-0.214774788575
0.0773110455663	0.0136466383687
-0.741024308874	0.285574270561
0.57890043079	0.714562376217
-0.803194148321	-0.82683771997
0.606926690411	-0.989243615308
0.147695810408	0.312026330472
0.684413755856	-0.344638681311
0.592294710803	-0.166723664351
-0.510622499241	0.102611826687
0.853574723785	0.580502665552
0.00598480231567	0.448541074699
0.589467156467	-0.786862916259
0.326409293626	0.936162900037
0.423676782371	-0.855947356036
-0.263946172583	0.670726532016
-0.370050627519	-0.420593613687
-0.377599062309	-0.237268565103
0.999616877703	0.736622571958
0.055942642987	-0.503060836034
0.151220845723	-0.724506893985
0.518032881374	-0.04460656449
-0.717068877381	0.778301388148
-0.22507543479	-0.382366826815
-0.480808357637	-0.61002561359
0.291437672511	-0.56797003274
-0.265672773621	-0.889079626792
-0.914881642691	0.658677115575
-0.0984453742236	0.755351715455
-0.0840597292204	-0.439732473955
0.649739422384	-0.898669430365
0.451119843544	0.156727378134
0.202698235304	0.922217108047
-0.230917623162	0.651114990985
-0.154532857742	0.556754940981
-0.989877030095	0.263974325443
-0.25966321852	0.556936331617
0.199384713788	-0.242810174814
0.982095499442	0.61823310645
-0.883957738664	-0.152631661746
0.623047564139	0.911634767625
-0.0631480990778	0.298355583768
0.721601301739	-0.797770266711
0.49486658723	-0.413405103546
-0.569008612396	-0.852660580577
0.453183138474	-0.846035681918
0.663650099985	0.771549259834
-0.0533571907483	-0.358798578831
0.837745981106	0.318606840593
0.33276803668	-0.175689149955
0.714349913173	0.601262541505
0.76745984093	-0.857521944151
-0.484677844614	0.287400119415
0.466797524225	0.349791089648
0.395411339786	-0.852628493838
-0.779704158997	0.768718239529
-0.0345104793154	-0.670541919297
0.917469364849	-0.64860080219
0.156410744168	0.905701135559
-0.7411430304	-0.45227064011
-0.999874096431	-0.555220317335
0.830676825449	-0.151730664889
-0.311299686191	0.309836212126
0.14060732167	-0.0443479472763
-0.253451773776	0.892665527431
0.558628925312	-0.340276341739
-0.293852672096	0.751767133422
0.124261686988	-0.000467491370086
-0.31470448695	-0.309442432383
0.038318943409	0.124278344971
-0.274401063073	-0.772068522857
-0.312352889421	-0.711959419013
0.100923174102	-0.859023756589
0.998655253389	0.830719906291
-0.622980975776	-0.113744284991
-0.445952285997	0.974538781762
-0.837729211431	0.957460056367
0.429523110183	0.595347832588
0.777230063409	-0.723037981937
0.536496454381	-0.422814729144
0.0452863366642	-0.202796578096
-0.215305428868	0.826940658326
0.228748055154	0.420369524881
0.242821806767	0.366533835215
0.414794339849	0.236915030589
-0.529341043589	0.464495684356
0.811292920401	-0.358696858011
0.056764669684	-0.722488008209
-0.850485358302	0.0344330092427
0.0814715708237	-0.220913258111
0.0350890169473	0.458007360317
