0.291721440576	0.679164097924
0.386068440522	0.110999084922
-0.974945859787	0.637777411263
0.336689467286	0.948850357025
-0.804581101651	-0.888497384024
-0.844309037076	-0.216878627375
0.953620602886	0.00735852903133
0.795675419272	0.561485804095
-0.911413568508	-0.566036269856
0.683232876561	0.488507738345
-0.923834622524	-0.921994488824
0.386423900441	-0.216210704412
-0.19042278941	0.245837218002
0.850338421366	-0.229313696052
-0.467240131008	0.70401781206
-0.513601999908	0.246341302015
-0.618265974316	-0.568317241595
-0.792905284027	-0.857571586228
0.658814660013	0.314429712977
-0.109253148137	0.557092328354
0.581421997576	0.286760529448
0.116290633761	0.186756906215
-0.940814546423	-0.764142532059
0.437334846519	0.471306992644
0.0454294439714	0.365280793985
0.270751327331	-0.422541975506
-0.0514949078062	-0.656833488501
-0.407041771367	0.236857674061
-0.674987615787	0.700504198486
0.608090769999	-0.942367367219
0.97076867438	-0.60684747268
-0.423616891369	0.451721844981
-0.654414656464	-0.791622136166
-0.647112673369	-0.0209078373458
0.280864748257	-0.638350544165
-0.160749237605	-0.60101117937
-0.183760545107	0.418109194062
-0.783697357637	0.678280776427
0.80827513922	0.807926196728
0.956333130923	0.430095679112
-0.66453853127	0.319114339731
0.995098009232	0.784372645802
-0.320934381111	0.882316454851
0.699449030935	-0.91754037538
0.387256773598	0.586693648351
-0.387345913903	-0.743752137211
-0.545232639976	-0.348122339126
0.707190594276	0.717721024226
-0.36014036483	0.00372357929166
0.184915815043	-0.360416928091
0.205720114054	-0.466472717823
0.684811886519	-0.477942871548
0.424022527043	-0.132753114233
-0.108596112658	0.540108586002
-0.421322789298	-0.164435463111
-0.354888015608	0.64469814495
-0.191218071689	0.82203923966
-0.0723944992039	0.733411873633
0.551321491539	0.167775977691
-0.628914796607	-0.27735200727
-0.411477317689	-0.755803759587
0.372378421318	-0.570932022528
-0.131620203147	-0.460258465372
-0.691744403374	-0.659813445314
-0.655764617318	0.66473252126
0.576006352654	-0.865781141083
0.0848578641474	0.472726348291
-0.00644596754458	0.247364785655
-0.323471170562	-0.312312863121
-0.627563324319	-0.375723997368
-0.258490012654	-0.69037204703
0.0124851287604	0.397557557122
-0.199861709522	-0.647901676945
-0.310940983576	-0.954044173814
-0.264206196541	0.816930677118
-0.239552105743	0.6627703297
-0.842538542858	-0.725444355325
-0.11931121847	-0.863150186474
0.0659110640656	0.543156142274
-0.151567925453	0.762319570693
0.854585326724	-0.807878562712
-0.451940284736	0.886332718108
-0.11897305735	-0.776794610105
-0.429451856265	0.822251292501
-0.629086925306	-0.290486762714
0.10044066729	-0.298809426472
-0.528002044841	-0.504978709598
-0.904933576172	-0.21441743152
0.684087539031	0.00479070930035
-0.303001132599	0.917668522727
-0.660948278811	-0.255043819841
0.210113682978	-0.273045431838
-0.827778783256	0.84386873824
0.847720861969	0.572756265589
-0.824593178067	0.156771120828
0.959199037647	-0.47018348726
-0.473659382855	0.435596472957
-0.570222984737	-0.761380191854
-0.730942837573	-0.992385645709
-0.447621290605	0.589335430013
