-0.951296461717	0.281558128602
0.999026986177	-0.310227360192
0.905214459177	0.270200042791
-0.580871164818	0.149505803971
0.162083861984	-0.050734180019
0.355792465701	-0.906402336567
0.736840364457	0.292919893993
0.14010155186	-0.968018783527
0.545623266014	-0.351923427056
-0.694200962832	0.813058391353
0.456227386204	-0.231880577298
-0.0462239548831	-0.801521600966
0.32603231253	0.38691765297
-0.925041265195	-0.093828645624
-0.89349520277	0.236586186838
0.815740691365	0.336942029748
-0.787641595671	-0.410178280573
-0.440880746146	0.0711484232493
-0.643084898112	-0.910229123512
-0.113388577197	0.812553842278
-0.756378146971	-0.0974464236312
-0.959184935345	0.860709296948
-0.316213171734	0.66098634589
-0.433293108617	-0.0112650902343
0.081739195029	-0.100429934156
0.60648758356	-0.958533103969
-0.233521810757	0.86388573634
-0.373434832204	0.781717116685
-0.952546388301	0.468441783257
-0.0895713962469	-0.861871671133
0.300981364702	-0.0770065737749
0.568703617221	-0.667612496723
-0.0216339504973	-0.944708565027
0.366826516926	0.46560070807
0.591032459794	0.490712415748
0.518257739685	0.229439548531
0.142702261808	0.915503022159
-0.5725580542	-0.871804022386
0.750297524496	-0.479220663406
-0.21383333647	0.064527407279
0.399105890975	-0.417975977668
0.391447239612	0.443167339935
0.100334661282	-0.833424526843
-0.224848295477	-0.722416033243
0.946133189973	-0.898845683652
0.1892406466	0.440188248252
0.775715386553	-0.209969878047
-0.427451225696	-0.527589471334
-0.893218493225	-0.74423273578
-0.196352710609	-0.587700572558
0.49659767796	-0.602006626663
-0.242920672675	0.94507287505
0.0207019783081	-0.17857673098
-0.934425157482	-0.310205877789
0.140171231339	-0.625110109202
-0.137260170727	0.435627274163
0.448689983233	0.344110187741
-0.753031647446	-0.638859061389
0.772170257629	0.238105414159
0.0187569073039	-0.374011632761
0.970333846658	-0.880361026717
-0.770657009904	-0.757264627772
-0.266347854478	-0.994930275928
-0.061025187865	0.36533887039
-0.458970917506	0.128701011538
-0.859328992502	-0.522240989996
-0.86079977521	-0.0199131361694
0.289232498739	0.626099893312
0.683800644651	-0.724382091364
0.240006684682	-0.0938609826449
-0.268338994795	0.905097441739
-0.0825167431129	-0.128439546443
-0.602248937837	0.799450345135
-0.0116699227022	0.0536449930404
-0.95740434495	0.0588798852101
0.516118033932	-0.541917730146
0.121439100165	-0.243574472078
-0.0579135118122	-0.760635320764
-0.118060850633	-0.326464362722
0.11998373236	-0.379293634672
0.977920839703	0.897010509344
-0.147537577545	0.448540643365
0.414544115188	-0.288914186886
0.0867650999462	-0.75958486034
0.851293003081	0.943669385025
-0.220691392016	-0.904243429128
-0.390995941987	-0.717409752274
0.551749427562	0.508437020564
0.964632439735	0.416573752447
-0.464551547355	-0.672046939404
0.430768759144	0.0258601960485
-0.436704679481	0.59943893462
-0.293495179622	0.564674506076
-0.903170232867	0.79257064396
0.650713794455	-0.255122804297
0.110816532701	0.794744401417
0.246254424921	0.606248615659
-0.0328344760017	-0.656794771968
0.127897930102	0.643471501622
0.563584396347	0.658642702557
