0.224367930858	0.65127638523
-0.466572062884	0.796408703147
0.90468416915	-0.47041121793
-0.880342620078	0.184069371012
0.959008148105	0.855968586499
-0.939081620443	-0.549385137715
-0.174692611008	0.000752466697993
0.618442607786	-0.400398211564
0.462497603183	0.980730237914
-0.394296243252	0.689360704093
0.250578529255	0.681452407752
-0.454976794035	-0.75013262539
0.271798536435	-0.482595295301
-0.381377139915	-0.615710098091
-0.611519971269	0.0124575459554
-0.383318625136	0.692965726544
-0.376191106963	-0.433515120287
0.710461346135	0.445944220017
-0.340048740567	-0.901058470343
0.447949153909	0.0480121520163
0.950216605331	-0.00350772805861
0.210600077562	-0.520548269152
0.316810558998	0.627599889899
0.70174503913	-0.393412961755
-0.940284036841	0.87767145339
0.518010146768	0.0953264024775
-0.414005989658	0.618125102359
-0.0976085705715	0.300900765295
0.743076508372	0.548945504934
-0.964392713189	-0.615082241383
-0.75049129658	-0.980325314488
-0.965014027924	-0.529626821374
-0.76455355469	-0.252457633355
-0.460658805816	-0.579540400091
0.608354209077	-0.876364879854
0.675839262567	0.108197552775
0.263709841233	0.172199248684
-0.204272950003	0.927126959567
0.448241076665	0.256485762092
-0.408585932097	0.486429441106
0.808382769557	0.246916440596
-0.35433837449	-0.0898462047751
0.623068116269	-0.182407449197
-0.511746380698	0.888493194493
0.935325973794	-0.275727273861
0.0501956406172	-0.163180915871
-0.361327537268	-0.551083289134
0.272211592815	0.65900471951
-0.529230374783	0.52083479027
0.633779240925	-0.564899865604
-0.614320624131	-0.767881627943
-0.790099813069	-0.946778218721
-0.0893431452873	0.219550009336
0.564255369758	-0.423698550063
-0.782860229633	0.580455643353
-0.38856647875	0.136302747952
-0.348098181114	-0.598789287777
0.483161787346	-0.180793927749
-0.640714125331	-0.446674931569
0.926333323782	0.74750078602
0.418129643482	-0.648070248448
0.838133147791	-0.181538082647
-0.665332423789	-0.426389648313
-0.681525273066	-0.835519613736
-0.564911512419	-0.644960318867
0.0204976846875	-0.530075596201
-0.802715542883	-0.695483819988
0.228547887493	-0.596687414618
-0.471710181583	-0.310736151294
0.0301057733381	0.286327074575
-0.0272535069196	0.303937190454
-0.834525255133	-0.290098775584
-0.877762896829	0.653262531011
-0.0146938778779	0.0104708240908
0.295197546711	0.321303562085
0.914924800852	-0.0903724582761
-0.509482964442	0.777483788782
-0.941688680062	-0.247657849298
-0.828604579422	0.936705771357
-0.587950455707	-0.885672403302
0.489656980567	0.641563264743
-0.778827023035	-0.44194602188
-0.720055112022	0.048249189549
-0.869146343952	0.842856766564
0.557701269908	0.206685121258
0.343940597804	0.434679116993
0.907785039244	0.104930392027
0.20097593844	0.926493957358
-0.281808073427	-0.000908202401283
-0.72461837565	-0.0107574093238
-0.40283921208	0.890094593055
-0.188400706489	-0.747859200402
0.0730856883732	0.18279381664
-0.766276514949	-0.783269299243
-0.551506776925	0.83367595425
-0.671627542579	-0.793120929751
-0.439560782127	-0.412137878195
-0.640421499387	-0.538875870027
-0.0262110299219	-0.105493441153
-0.960044630423	0.566187884641
