-0.991325069256	-0.376730750008
0.104579915177	-0.734399542309
0.344120481111	-0.810325873852
-0.369498697344	-0.64326296136
0.498455713902	0.585629764504
0.0310349670563	0.405693283622
-0.119299766603	-0.718966581603
0.539845302619	0.827769445109
0.473830535456	-0.448876869177
-0.303540806033	0.880187930589
0.562252579671	-0.898220847734
-0.482070261603	0.00336194147963
-0.267089391439	0.451265770599
-0.0692634377878	-0.571165386757
0.530800307431	-0.942420922895
0.740647082148	0.892025675312
0.725819042288	-0.352684137515
-0.79874313742	-0.792929383434
-0.670327654415	-0.511441176623
-0.539486616633	-0.827939131542
-0.674939193967	-0.155711212153
0.934633320158	0.465572225097
-0.867260271779	0.483314512169
0.536835584858	0.513405715048
-0.802549657755	-0.923476996014
0.531941135183	-0.67948642403
0.747549655729	0.375663337051
-0.689286588611	0.568318252563
0.14305460597	0.264297967166
0.411400999307	0.667191568152
-0.868428037586	0.398769006079
0.445053237427	0.335253003827
-0.166498002593	-0.824957433166
0.552687689296	0.593244133203
-0.609465789426	-0.801637055537
-0.0453570655354	0.781435894798
0.306914995424	0.062832379354
-0.501291884317	0.420420759264
-0.223299236443	-0.236573768085
-0.275082321373	0.630781210717
-0.0883816764553	0.325864820095
-0.638879603833	-0.745751909527
0.452667921835	-0.267730760267
0.262844434834	0.289083742249
-0.270913143087	0.219389568804
-0.744473679781	0.0551334457176
0.639585393495	0.659650269837
0.669896263999	0.688982794962
0.353929572734	0.1271244529
0.917664687789	-0.898019407292
0.372958207176	-0.669195915797
-0.588761914207	0.923718909445
0.301501173972	-0.645926839841
0.561043061573	-0.777299754632
-0.89336939065	0.313978419338
0.0419386880831	0.780680238599
-0.238342989092	-0.0815922186423
-0.576406954021	-0.404669362971
0.836135283019	0.29756324581
0.901731689477	0.98362677099
0.315598036129	-0.408081214077
0.435066178195	0.566108826943
0.875578905206	0.122652107393
0.43445980566	-0.11360367551
0.509220304948	0.223958927396
0.427149894186	-0.534651779785
0.108655657267	-0.34183943753
0.267237812688	0.368635674494
0.524712124092	0.288539192541
-0.0490931761523	0.365110628296
-0.240900870257	-0.754234190673
-0.352677550947	0.202083602741
-0.298231838166	0.719254027124
0.697643994985	0.355122266011
0.994099444076	-0.417244462751
-0.474092409083	0.541444732544
0.553906386846	-0.158728641997
0.953330622059	0.0798879044163
0.866457565681	-0.785657245175
-0.560616551074	-0.0324141682394
-0.963694503621	0.511296895392
-0.508897189872	0.797708043099
0.687150585571	0.757505115783
0.13847624352	-0.0521499486899
-0.551191368145	0.134409654021
0.569875400366	-0.0240610973546
-0.66581500857	0.502437683488
0.927976552837	0.384641561473
-0.0599083237061	0.918956120445
-0.754406005258	-0.535628563715
-0.835224704859	-0.774646172291
-0.0614731245386	0.122598920058
-0.880278059807	0.00011744691457
-0.0201426306776	0.260863259607
-0.53410033597	-0.107029658827
-0.670649600764	-0.310574854526
0.246064580371	0.576973409368
0.521883931258	-0.29611184439
-0.646137712959	-0.577037973509
-0.327634932254	0.683234486158
