-0.318494058406	0.0839677336149
-0.510809198828	0.397062894245
-0.154290106888	0.450299781258
0.55799962395	-0.933573814606
0.898831450787	-0.47329631096
-0.46268763064	-0.687183866336
-0.0835824722527	0.494615273077
-0.376844303586	0.877784472596
-0.76861441279	0.79398305919
0.764699198253	-0.202033817263
-0.625899406437	0.744841282867
0.0253193454805	-0.375906818376
-0.329741677203	0.58533270279
0.276888923725	-0.754684395775
0.375750508539	-0.176281191979
0.380931987347	0.108819425146
-0.72842627826	-0.462523715274
0.649541290638	0.0622961180423
0.323789279659	0.488339769818
-0.67051540578	0.358937904471
-0.691457538665	-0.864431579651
0.393525012529	-0.0253093272092
-0.265039532394	-0.515492690513
0.386007939796	0.58058334874
-0.20548090759	-0.638232811166
0.146042311645	0.808729801442
0.841995905881	0.335176855364
-0.831911257163	-0.939853337232
-0.427676095742	0.285338814739
-0.0617127234006	-0.458582127889
-0.0875648834565	0.105270879713
-0.334313588698	-0.751578963011
-0.333663078431	0.701032394865
0.141628199109	0.386768555025
-0.601520053498	0.408815643676
0.612185949237	0.22527899925
-0.856663202596	-0.759654616472
0.350255241234	-0.0360219872616
0.173385182768	0.442901064877
-0.808835036036	0.233367280585
-0.323747984832	0.734416957168
0.702695970369	0.189949106429
0.493061687813	-0.307779191439
-0.573539587514	-0.816898355644
0.411875397846	0.529662834507
-0.751782371385	-0.738284366204
0.526075139616	0.575349509773
0.0125577295661	0.100435760342
-0.725620199711	0.223821124898
-0.816329502884	0.821004365834
0.624145148445	0.27171496526
-0.504581847406	0.896416704374
0.297473070889	0.272703298111
0.896167942504	-0.51968321872
-0.118431048659	-0.785167680882
0.44417273842	0.697956745101
-0.0750863749037	0.302004081324
0.660860952703	-0.194764797993
-0.0804226405722	-0.675890200299
0.00476833456338	0.780694211999
-0.412488891094	0.685373311543
-0.327225367633	0.682286842944
-0.298528828749	-0.370314471111
0.27363087817	0.669091285931
-0.701190518534	0.575574752481
0.840288900769	-0.0915395279281
-0.843142484	0.89155975581
-0.938119442801	-0.687456080357
0.687255465325	0.751995624847
-0.00809825709885	0.230124800349
0.271567758095	0.425758624179
-0.385567118079	0.930758545887
-0.257081268086	-0.683654130803
-0.126233119127	0.0704246820997
-0.163445896288	-0.41419415907
0.224304749902	-0.0497763893281
0.984942189582	0.603819777667
0.870519301746	0.696876512226
-0.510850453125	0.997944687116
0.183829849534	-0.963243873408
-0.209178713317	0.538408611389
-0.796518381024	0.772505026659
-0.248464295942	0.797966581401
-0.894280727363	-0.817147605978
-0.262530916217	-0.188971687904
-0.267664584925	-0.494323237608
0.291226756209	0.177592889496
0.0247998311664	-0.265199819088
-0.935357487569	-0.845233767286
0.585489751509	0.704979995355
-0.927124163128	-0.235523478274
0.424784817241	0.300568468309
0.325184003577	-0.568320301206
0.763138801417	0.397517887374
0.578690802856	-0.442101084849
0.666677555073	-0.906057999214
-0.0187823825387	-0.735134841981
-0.302477108368	-0.27233195034
0.588883499395	0.220558579959
-0.680820092058	-0.315575630219
