0.384996987828	0.135121121031
0.751575449776	-0.267007275152
0.969443633015	0.131347505634
0.810852309115	-0.498921739676
-0.0753359186953	-0.330241373839
0.934446754001	-0.148174856922
-0.0849074678077	-0.34544315601
0.684863576317	0.790599061434
0.871606652823	-0.597063054523
-0.786996615451	-0.535934295653
0.685225011834	-0.397732073198
0.623056574976	0.2530508681
0.486051834284	0.429405913362
-0.0933934489412	-0.635132239122
0.737754853965	-0.975561761713
0.549594317364	-0.672003493306
-0.644135401635	-0.267150465081
0.941920781727	0.529306759641
0.0774074801099	0.275282927697
0.0880667237406	0.257271975277
0.307335539721	0.111670863252
-0.766987277835	0.650633788597
0.609964675393	-0.544559433395
-0.0546952026402	-0.586019244084
-0.709154021402	0.586936061544
-0.621296451585	-0.916617174125
-0.24774214794	0.661671535125
0.500257726808	0.120794080226
-0.704985808036	-0.839304298403
-0.770360568299	-0.491174240754
0.038633027817	0.236424582803
-0.146796198891	-0.639782295334
-0.322265140876	-0.583120835792
0.84519571767	-0.94407701626
-0.521996587828	0.352876094216
0.668635039836	-0.904306140656
-0.933403151985	0.556367579699
0.834731624792	0.471203585909
-0.133719216557	-0.126531919604
0.487020678595	-0.509525967324
-0.521203294643	-0.257025326816
-0.471565941765	0.0349820892676
0.858395202292	-0.394602354031
-0.838756367223	0.25090796762
0.453000390324	0.93916721107
0.250285819331	-0.873465834456
0.487948378919	-0.341653860884
-0.624156386949	0.940606303344
0.762132350166	-0.579876647682
0.235390355851	-0.735980605313
0.981582330984	0.375298355044
-0.190721536115	-0.453038259789
0.644182932279	0.492902065352
0.553040274621	0.310998137749
-0.0674914842141	0.469515967667
0.899866924238	0.128705020844
-0.703274372384	-0.451119733758
-0.0122920201529	-0.434960565799
-0.82096797172	-0.913249113075
0.556233600127	-0.549939547988
-0.521350012538	0.274723093398
0.613674675347	-0.672305147887
0.350243285481	0.421199472347
-0.34067621547	-0.224495799237
0.0791505169912	-0.365787116559
0.961719036804	0.470072065746
0.897621841449	0.25170201631
0.783389710773	-0.993869007931
0.0161261698548	0.768474435541
-0.137205349335	-0.372351715751
0.277000078287	-0.645302693816
-0.2473712043	-0.505806537087
0.868170785345	0.846494978606
-0.174381000301	-0.500993715513
0.0528742655746	0.531579415041
-0.669985714303	0.503567830325
-0.972259023584	-0.265454449613
0.506419490949	0.581780024207
-0.320563467207	-0.168021353784
0.962555916023	0.515254341186
-0.521043097306	-0.712128071596
0.450054224643	-0.878735800731
-0.200793659095	-0.291306521214
-0.192666560265	0.377575271548
-0.864177651011	-0.0736202213599
0.0803632096783	0.803462783539
-0.694236238056	0.357174664153
0.478657027146	0.355253274064
-0.864686251164	-0.258596563226
0.222683799614	0.499611596137
-0.534743595121	-0.642805907995
-0.665103701825	0.0906246637053
0.90667195921	-0.777682851718
0.0169862813578	-0.505548607095
0.483554733635	-0.72268175165
0.458163517892	-0.275740216653
0.888212663249	0.696932545106
0.169372916348	-0.00439812632477
0.766066725981	-0.0635894140981
-0.734512466417	-0.10850180393
