-0.33737041237	0.419170144646
-0.553675019181	-0.350991756403
-0.781145061916	-0.599366013817
0.237079197985	0.675485901518
0.963201664948	-0.136387774871
-0.512320630767	0.419121573677
0.698265058765	0.46218931838
-0.660144955144	0.889605607738
-0.495449344109	0.663979612267
0.870313613993	-0.956216241218
0.0376277314883	-0.609674452702
0.332382398777	0.38006863299
0.538207677434	0.858198402613
0.272181500994	0.329924962179
0.263277810641	0.355851065157
0.498429776937	0.808381724671
-0.565815870622	0.472342552091
-0.558354123006	0.755672468927
-0.288339575365	0.533548477069
-0.883555271249	0.336881225367
-0.878507431554	0.731128865506
0.210201513019	0.488325562696
0.482320005071	-0.321066478709
0.404081057056	0.50188187493
-0.748704162073	-0.219186952662
-0.866147071714	0.0243694338762
-0.885029699045	0.81037115997
0.658880624784	-0.280015744475
0.208794186334	-0.348848786586
0.870762641374	0.981301251799
-0.28778855987	-0.640643350157
-0.904985975541	-0.393956254227
0.217990552166	-0.464566015375
0.0450408082068	0.616059464874
-0.791930494701	0.588553721144
0.522754586844	0.444691446523
0.751691513555	0.327192188428
-0.0444738186328	-0.836677645621
-0.486038720193	-0.164864110527
-0.0910993574448	0.77254835899
0.399945141165	0.36647304924
-0.544903743792	-0.904338524152
0.632372939929	-0.107239189853
0.220781086504	-0.0744425234754
0.227510540996	-0.552471956807
0.3756430429	0.0866652801979
-0.144583865372	0.718734506672
0.600347661708	-0.620323083791
0.0819612361804	-0.228435823944
0.487914156218	-0.623414611373
-0.362788484828	0.788177645044
-0.000717889834111	-0.86352859291
-0.723486227275	-0.880273025953
0.306829825495	0.983748022231
-0.160421031874	0.817803008382
-0.391394741531	0.218232945291
0.6994075749	0.0641473649893
0.738890917326	-0.559573672482
0.0382679929909	0.357954131577
0.107971633795	0.598041058917
0.994293900199	0.182261452135
0.703344257629	0.464094513361
-0.823618304624	0.188894473852
-0.310714798592	-0.407072270198
-0.45536004297	0.217082906845
-0.920090213875	-0.256415006686
0.733827561079	-0.724208230873
-0.835119986567	-0.300142668833
0.100472286815	0.220974333994
-0.557314890153	-0.238689123482
-0.390492324465	-0.820839907214
0.460581874471	-0.860109778447
0.739072638214	0.551387042271
-0.626008296604	-0.408981467403
-0.296603223512	0.290116090761
-0.0920563499931	-0.0810999942067
0.0674169062817	0.574937788692
-0.0406175910329	-0.492703660287
0.00722613397759	0.786338674288
0.354639377438	-0.528994585603
0.375593171295	0.385412046894
-0.760207862969	0.390078668861
-0.587087080649	-0.0961118062227
-0.471118765989	-0.00655438608786
-0.399859745878	0.57808103913
0.455124321586	-0.694687087166
-0.220579075128	-0.203699199937
-0.688249787352	0.431027714577
-0.423920215347	-0.998485687218
0.376900736638	0.0648352137184
0.438921635494	-0.886066754874
0.810961802377	-0.367899890553
0.407705455999	-0.578417270019
0.0137737990401	0.286954712633
-0.707875981362	0.713099252598
0.607048858656	0.32124105234
-0.398827666206	-0.698476590414
0.486363029918	-0.20066574834
0.99486119882	-0.720052882031
-0.0266056348463	0.475577709765
