-0.395253487647	-0.899613296882
0.605523326909	-0.184534153849
-0.43147077479	-0.932635531616
-0.989228823343	-0.0897533426178
-0.75598436931	0.55747663981
-0.768318209071	0.839681447788
-0.331374933901	-0.796078926671
-0.667522559455	0.976084950881
0.33825273141	0.474400440278
-0.302937077579	0.894771137569
0.663401259233	0.60568813412
-0.114471533989	-0.0649229278515
-0.418341260896	0.292694430799
-0.133953243646	0.0616557626466
-0.398544079467	0.764499200973
0.907990813895	0.363145421035
0.104904386037	-0.300315930654
0.509072063253	-0.62298075183
-0.72737688507	-0.00375570385678
-0.741165323152	0.673351741514
-0.185883517432	0.0650989160447
0.895325411258	0.38424849914
0.13635845555	-0.0826964633577
0.211036866641	0.388239965748
0.836221699735	0.23483240197
0.643883548988	0.37435216402
-0.987579517413	-0.216990638758
-0.647945603144	0.161983877274
0.0897493371195	-0.792896860421
0.318552072837	0.0462076371987
-0.615172627194	0.727582565988
-0.168387734941	-0.679109030317
-0.0948596263756	-0.0876297133399
-0.701273656196	0.744427503132
-0.894474184156	-0.611118564271
-0.73077815706	-0.926339441105
-0.0803071233398	-0.600439007325
-0.1378797739	0.691562571689
0.558434275425	0.290596414638
-0.0516274190272	0.349311877102
0.313622084751	-0.483715334004
-0.149697652197	0.806621694927
-0.257956631637	-0.177462663392
-0.088882013072	-0.0345289709752
0.34974353491	-0.163006234637
-0.904291631062	0.236560214738
0.945744344429	-0.789390452532
0.925917265848	0.369184026867
-0.28649536906	-0.118640999266
0.284847588076	-0.305210333757
-0.600651736869	-0.403346152959
0.635918626331	0.348252448432
-0.576860943248	0.343899204682
0.398573452614	0.512061015699
-0.964326565828	0.655948141585
0.467192072916	0.442715994553
0.647481301437	-0.0376774010111
-0.114835021135	-0.687914082704
-0.651878822962	-0.168033921915
0.249298466124	0.35388670177
-0.658085302507	-0.880424138111
-0.444321885049	0.777917669156
0.189803717068	-0.101960709402
-0.748290081173	0.619016998703
0.579452125458	0.736505122231
-0.504486270161	-0.367349608653
0.1901804806	-0.609310727088
0.304870738086	0.348847876241
0.89601956114	-0.843446059374
0.345053520728	-0.367325092128
0.391126456399	-0.112808956052
0.549702495813	-0.280569422155
0.284920801544	-0.493346456498
0.944951515116	0.610464067892
0.705679613266	0.236380796199
0.854289925156	0.716765181575
0.961504810976	0.796901825322
-0.181504678368	0.0924799565479
-0.538846575958	0.840964965323
0.713283963802	-0.337899509117
0.397227314861	0.812085173188
-0.725328602585	-0.481903215423
-0.568172990577	0.837429194063
0.598952313238	-0.054603642479
0.66785196871	-0.906612596424
0.765283798678	0.338415227347
0.25203422883	0.880277807553
-0.102866477214	-0.559610592501
-0.423348777212	-0.38679094595
-0.798658704027	0.495708711571
0.23253281179	-0.501466235269
-0.469106750709	0.855760829344
0.693514203851	-0.89664161125
0.718300893	-0.681314284534
-0.381509267645	-0.782496994757
-0.114903658341	-0.037762256813
-0.224468996162	0.667894496958
-0.957979401735	0.759922225446
-0.726544843816	0.0866596633337
0.215895416674	0.437067894549
