-0.239527598303	-0.883951010201
-0.41302001661	0.0829403987957
0.547064272105	0.432272894698
0.388799283332	0.984679468815
0.828506645271	0.963933895207
-0.170136118445	0.749103279309
-0.862132153159	0.717571525898
-0.280624047345	-0.884169583243
-0.958562642734	0.632691563571
0.0859207872858	0.337083174649
0.13153096795	-0.159428465197
-0.714595350696	0.0795357950956
0.357732533871	-0.538226277381
-0.590790585237	0.547814308257
-0.923370214268	-0.882412450991
-0.631469659242	0.460874190345
-0.359134396814	0.374937126555
0.831073451103	0.119246026638
-0.171370183515	-0.332987098137
0.222734790158	-0.970762886069
0.251423911725	0.64547372212
0.258767925356	-0.945115927019
-0.347511988638	-0.839724559109
-0.0806600238156	0.899196097035
-0.541421213494	-0.329264227466
0.936979245666	0.00119312558524
-0.293438916795	-0.75348346969
0.238315152263	0.541967152903
-0.424505277302	-0.224528041345
0.180635143369	-0.0131572636474
-0.66142537337	0.837282993897
-0.048574809568	0.2140181898
-0.818483316321	-0.00372400741032
0.367636530278	0.638752329796
-0.785193620731	0.277843066255
0.278311720088	-0.112817594269
-0.802182648614	0.347169209109
0.0199059866852	-0.667550899188
0.534238009623	0.815519502311
-0.852649750507	-0.598299323436
0.224969852081	-0.664014983401
-0.216568345265	-0.770145517896
0.252650126051	0.844696646419
0.384354423588	0.703104666727
-0.75859536975	-0.865498525081
-0.0807981204445	0.601806643528
0.86553177008	0.147969251797
-0.429411846046	0.325749784519
-0.0445651185234	0.589630263979
0.0526456446247	0.0357554690514
-0.0865198909102	0.279850410024
-0.662751439692	-0.921518752511
-0.452901966006	0.62742028802
0.254699386552	-0.108269115755
-0.697480376441	-0.366046779837
-0.0171273213278	-0.847409775482
-0.62087251206	-0.154946024263
-0.48325324258	-0.0684970245418
0.29741715623	-0.907222853477
0.76480026267	0.590997161679
0.689708367083	0.935565581849
0.209757883224	-0.768593427318
-0.342656068319	0.37821066017
-0.936081264075	-0.393861043487
-0.691814845266	0.635456779366
-0.436926808148	0.559654727872
-0.320230936403	-0.79244715838
-0.281149816686	0.749863868399
0.9012388157	0.926011673361
-0.460869964936	-0.0874916143754
0.913822387328	-0.568994088862
-0.0547860156184	0.95729803974
0.943353151076	-0.755335741481
-0.492370722668	0.282599489426
-0.440412779305	0.298295307088
0.850758319877	-0.0401408113584
0.0331289927574	0.239712403708
0.841020729159	0.492168396488
0.93574880929	0.857501757362
0.907289351111	0.453640780144
-0.795939133406	0.396750026342
0.700320264673	0.105431034121
-0.377431392783	-0.738399904531
0.720230946809	0.109562533123
-0.470351993794	0.788294102201
0.372355073537	-0.423637488306
-0.39997163694	-0.717801420509
-0.618237880086	0.174467459286
0.208608437998	0.974024088965
-0.382615836137	-0.926250677271
0.789210471161	0.666923163096
-0.797054022934	-0.831841146888
-0.392366672862	-0.0661136912056
0.490254669345	-0.313788362315
0.227173413484	-0.313606314435
-0.387074028105	-0.580955599322
0.254479058791	0.917375019887
-0.219961359325	0.962255932829
-0.00184268829244	0.478246594021
-0.737508269676	-0.800400961563
