-0.45498438193	0.05282323985
-0.681452152478	-0.234730104287
-0.520744806014	-0.79803406941
0.0786125791544	-0.122448041824
0.00559162933358	0.715363629717
-0.0369886334627	-0.0314525533164
-0.82729442327	-0.600578504827
0.569345133912	-0.800871895353
-0.961140413451	0.467036072942
0.858337162559	0.11910108296
-0.159944754856	0.830844550149
-0.490537281313	-0.490101711057
-0.386122629805	0.756021507005
0.649282854065	-0.437573277022
-0.0605241558271	0.495607991096
0.997729678634	-0.936034183487
-0.625417946777	-0.760468566075
-0.117338627093	-0.106978658723
-0.0874457586178	-0.116286359202
0.75844802862	0.0471619254035
0.985047590556	-0.200154459667
0.479359145317	0.494331415616
-0.0200325125891	0.875881537207
-0.182980138912	-0.999137217625
-0.296790237044	-0.718643091205
-0.10195530642	0.0190837697913
0.505181965942	0.171334675387
-0.856327787592	-0.684364174381
-0.00393889144512	-0.962347253822
0.891167418255	-0.810002863713
0.239511322438	-0.835905647613
-0.988516575893	0.436803148112
-0.65313682578	0.960950524244
0.783403118912	0.512407469779
0.880487806203	-0.994271291149
0.322486268174	0.181991371905
0.375443882391	0.804147824379
0.166522963896	0.125581364146
0.168590746306	0.0275153283925
0.839505300916	0.0471710550959
-0.791308152059	-0.339864471602
0.964465129242	0.815599312661
0.362187212669	-0.834382952408
0.10174750865	-0.0963200677914
-0.891506574466	-0.403786376818
0.278714282365	0.605458108517
0.902427356645	0.673612542502
0.540151430751	-0.792946921018
0.600254396196	0.829368701158
-0.146872388278	-0.723329374111
0.963517007665	-0.921674591435
-0.97756089917	-0.431778763925
0.2624098708	0.775876812451
0.965689003548	0.30368068269
-0.818722969233	0.00203282565453
-0.423988993345	-0.494743180359
0.00278252545535	-0.631631856333
-0.8026251771	0.663532227514
-0.0658401649387	-0.983336696371
-0.48126277995	0.032103067725
-0.857028328136	-0.286417718221
-0.898124151103	0.9312549602
-0.337418210037	-0.201728011378
0.17935389108	0.935891757975
0.723562251083	-0.959217273292
-0.927101171301	0.349655821633
-0.459962499937	-0.449701369546
0.282886787057	-0.383822681974
0.244286465147	-0.656207369509
-0.343158048463	0.755348284375
0.181517849927	0.076219846282
0.525864165777	-0.744540795351
0.936402296102	-0.533456535458
-0.834975531476	-0.782232094972
0.948681224093	0.429258169682
0.656225443351	0.551895675352
-0.390314725645	0.0950124342864
0.582203135528	-0.898781617256
-0.794168734364	-0.774943352445
0.635224838971	0.0540093001999
0.601062545592	0.106478429632
-0.723361711074	-0.353638076048
0.622629122622	0.94178357245
0.694926785365	-0.580645665556
-0.298061742085	0.304992042692
0.426420641167	0.188103352682
0.828259731009	0.883575349011
0.889248863016	0.978166315786
-0.157479891168	-0.0136899495446
-0.0813846809486	0.00365480490906
0.439815068089	-0.0911804365923
-0.735416036291	-0.346250614777
0.288936437682	0.0368492684505
0.267815088799	0.815278574382
0.591539963352	-0.245878717783
0.234922560902	-0.270615337685
0.594811855597	0.901938421738
0.149505690515	0.990697277838
-0.714737787229	0.222603775071
0.190095076735	0.843366368616
