0.784318191835	0.170331021936
-0.0699209473533	-0.574362306116
-0.785870468867	0.525330213289
0.591485788041	-0.0737609944873
-0.526294570029	0.31000223072
0.313573375111	-0.986836202844
-0.102198859562	-0.622187927074
-0.488246584089	-0.553507437756
-0.0502187171969	0.683338688504
-0.274649459452	-0.20251363391
-0.178995861622	0.904234766369
-0.650738460967	0.751143171203
-0.517518483905	0.260862309553
0.22724013762	-0.506991841472
0.031818435564	-0.118441717323
0.303811830946	-0.514316124795
-0.376340710808	0.60106936687
0.364528706883	0.838083445366
0.577964872761	-0.629500292414
-0.527445828176	-0.660715111068
0.413743866916	-0.585971879423
0.80918911509	-0.530284290132
0.635910292422	-0.611803530154
-0.541208338068	-0.286640332825
0.117676172934	0.554980573835
0.638814642829	0.0347999959085
0.792021375103	0.728159474139
0.776636006618	0.592581273784
-0.000520114834456	-0.992815358518
0.971823570312	0.746656167396
-0.700966660479	0.907232040497
-0.398140687293	-0.799401920844
0.0305182976177	0.975619570617
-0.46371524393	0.716117196244
-0.0948899088387	-0.250313553203
-0.524380719043	0.546689337873
0.339523849672	0.343314806099
-0.987490984294	-0.460241402646
0.259832140861	-0.882636190635
-0.707217374556	-0.139066304125
0.80246774215	-0.793059807597
-0.250970211658	-0.342652904705
0.40335983883	0.18524257331
-0.2715397609	-0.105178528697
-0.138477786159	0.377646096909
0.992830222813	0.901231114791
0.338586008	-0.0299058916282
-0.536404857702	0.0267714333346
0.852472304311	-0.902332012228
-0.790178221691	-0.696521407353
-0.20937496579	0.0964408345897
-0.797100156629	-0.463671852259
-0.856504106427	0.521320481544
0.182504643564	0.108212617615
0.444017028878	0.728408602699
0.156113730965	0.249601486296
0.4100383177	-0.62777086699
0.654315078623	0.512549424361
0.635243642894	-0.0291145008026
-0.798360544821	-0.907456710651
0.847938618482	-0.831741228434
-0.895452676183	-0.0865715904332
-0.907881064184	0.511942518841
-0.917999016878	-0.65375567256
-0.410645893694	-0.517650013359
0.452416493175	-0.775137123832
0.528355150853	0.117416365004
0.638274876681	0.784299397339
0.507963265341	0.860671905637
-0.176060170145	-0.821822785691
-0.318580194614	0.310360292837
0.468759374855	-0.765975515883
-0.772918958641	0.313106188999
-0.16263569277	0.952489968166
-0.374413117086	-0.842117391139
0.81007367226	0.0973445951481
-0.209305470886	-0.707722198822
-0.365350441884	-0.742494049887
-0.451168235164	-0.403884939502
0.874020972031	0.105386044541
0.613789166477	-0.774512361841
-0.78144742271	0.291267084396
0.911407386365	-0.475346867594
-0.511481737012	-0.808688278107
0.538307130108	0.104786393262
0.728398171803	-0.459137424323
-0.814261434824	-0.950390540341
-0.501492841865	0.351055014275
-0.0961715646213	-0.309798537874
0.141414602373	-0.932930387229
0.590180518334	-0.12897432179
0.122827328968	-0.317799076815
-0.891344919957	-0.292944287277
0.972408872066	-0.937539677616
0.169023467666	-0.135444896826
-0.0665536748909	-0.0492174075864
-0.929372794336	0.444807392485
-0.445894279678	0.249528158303
-0.0292165860701	0.0606843878166
0.439586007299	-0.726530665195
