0.84412449709	-0.255104669391
0.354636985993	-0.689015356429
-0.558891703253	0.0477160197801
-0.873686229718	0.00320053754738
0.83551095419	0.682963650952
-0.634617039037	-0.00699263223532
-0.882189821805	0.72894847408
0.714204725214	-0.687286177602
-0.00356596864156	-0.616124683505
-0.254127518131	-0.217119434944
-0.95340669305	-0.0570529240502
0.412575537298	0.301425000688
-0.619815945717	0.566714703003
-0.488212654836	0.935515800513
0.891006136671	-0.301732670998
0.676781704764	-0.970250764606
0.183870819249	0.516769746492
-0.844382438747	-0.432239533387
-0.618712543745	-0.97007639469
-0.596195683932	-0.134375384852
-0.478446093928	0.95716192924
-0.116575329814	-0.0417966906187
0.0761687015372	-0.485327294151
0.742309322816	-0.205036448961
0.0752575449821	0.35483531221
-0.880890121378	0.742636683789
0.709990098809	0.413925292931
0.902309556047	-0.265795905247
0.986281414777	-0.858975236478
0.332546891099	-0.350353376793
0.909339185775	0.309109711721
-0.458175745253	-0.487074410158
0.437609119772	-0.709892090014
0.94089334067	-0.347651361795
-0.661361058013	0.565635713287
-0.185932595698	0.692945116695
0.139965770826	-0.96486830987
-0.515146399757	0.517202624677
0.539955176133	-0.798174431977
0.831144654534	0.959590071433
0.62577451273	-0.49986717121
-0.0102468604667	-0.250791782673
0.860238476092	-0.814831206484
-0.791704790383	0.546410949188
-0.475941663548	-0.749798327133
-0.348512302154	0.211053171665
0.536727508507	-0.708640546397
0.901665377318	0.736598660038
-0.0482668479485	-0.0376938323566
0.418644043903	0.405181952926
-0.792787963819	0.452883256627
-0.850108076068	0.61413241314
-0.814891882602	0.210024274026
0.328036933889	-0.11647331732
-0.864997047458	-0.505078875877
-0.412800757051	0.805292420778
0.427181990652	-0.848972197005
0.278481478639	0.671764729859
0.84326451556	-0.693818025527
0.126663207239	-0.27695287916
0.0135952515483	0.467979184295
0.148560592212	0.541085570486
-0.357551347509	0.275856767046
0.0184866922389	0.134374013227
0.020842742499	0.287094176855
-0.10869420412	0.0632008308938
-0.825443090959	-0.391821378307
-0.4768057189	-0.19411340029
0.395045579711	-0.30611713603
-0.468342164605	-0.881776814183
-0.644265680165	0.786588725692
-0.692037531543	-0.38981645448
-0.987568851775	0.91683748103
-0.861462481497	0.463217143384
0.447457186427	0.0206613023615
-0.126751970579	0.533412673536
-0.446944602217	-0.0961699642194
0.675330204839	0.567036044721
0.203539097442	0.402056054296
0.00717155299116	0.263893429641
0.787051743924	0.971157673642
-0.434041742094	0.187454482467
0.718534271913	-0.14934783481
0.282651824729	0.719096347268
0.410285001567	0.141095418252
0.36935240176	-0.317126130818
-0.808995277705	0.160800303056
0.185209774276	0.814445412716
-0.982142527466	0.527771456931
0.62363082427	0.519236454218
-0.990170997155	0.964125552386
0.489950466558	-0.44578478441
-0.405025287317	0.212198737756
0.654224505277	-0.588629194973
-0.221130827878	-0.238140829584
0.466567215147	-0.0308730579548
-0.213807084543	0.176920595838
-0.480852013802	-0.509775225238
0.355937340092	-0.653196915515
0.823732026393	-0.89863283778
