0.656482004963	-0.953098564861
-0.883704572458	-0.642538481257
-0.88828905712	-0.542520039264
0.90160336872	0.662530515997
-0.570156218779	-0.477148511999
-0.0375301027697	0.862738106809
0.589629071525	0.658186215536
0.448803916006	-0.0858890797477
0.920302198364	-0.370170171749
-0.674039924113	0.59307675059
-0.225783673052	-0.632540533025
-0.51250036884	0.935665419712
-0.952766570572	-0.0608774733663
-0.325455003144	-0.928359849279
-0.739884534192	-0.162067513209
0.174295014691	0.39503073524
0.82968922376	0.740894553146
0.165330749626	-0.68845018476
0.497198865565	-0.878164143833
-0.45297790721	-0.541565003853
-0.578264346629	-0.00357865755468
0.158383798786	-0.158215651912
0.691576524493	-0.992008584589
-0.659914611122	-0.494930091115
-0.821446079858	0.230273566056
0.669159316709	0.918686289698
0.00315743558913	-0.522423799927
-0.908667138063	0.0206731686712
-0.800760548604	-0.158985921194
0.378433933887	-0.517677984066
0.120808640253	-0.721960964646
-0.978194399696	0.654725236226
0.46975914601	0.73139407374
-0.653616073165	0.550171322417
-0.299388112398	0.799628173359
0.991248771261	-0.799785799254
-0.510624447495	-0.337925490674
-0.63182776422	0.596452678675
0.583918186698	0.849738602253
-0.337903058505	-0.646884094811
0.679710921618	-0.950993586443
0.695357234366	0.545114281881
-0.330734490232	0.0976953677396
-0.496691383384	-0.659730845452
-0.865274821781	-0.707302714065
0.930343715003	-0.0492957773356
0.157975277975	0.316448238832
-0.221952015509	0.682232094026
-0.707828828429	-0.518614736525
-0.444730054099	-0.743115501512
0.32382128297	-0.72701155092
0.868825753794	0.747628903177
-0.334643731052	0.939322736527
0.771869574349	0.618292138885
-0.312884772004	0.146295418291
0.293035017158	0.805139895573
-0.256857900039	0.380174304569
0.0714124198698	-0.67872837592
-0.257430991778	0.525875682755
0.0902999822928	0.61177132489
0.883412752601	-0.144816825762
0.105830893756	-0.417325297304
-0.144099084812	0.947341513225
0.758113186183	0.0800164740988
0.959107034846	-0.543064615313
-0.275969474681	-0.501265878002
0.806181688675	0.20669419031
-0.35166450396	0.808386304361
-0.376919791426	0.209298683487
-0.682769773561	0.270167010017
-0.00579904326269	0.807808414512
0.525000753698	-0.318178964756
-0.338489986069	-0.541274890846
-0.100357788876	-0.360858755886
-0.77770858254	-0.267118219205
0.618254557134	0.90231579146
0.709986163516	0.922882363166
-0.312956329988	0.927659315453
-0.461367311823	0.940643847075
0.512237455002	0.016791032066
-0.0392860317065	-0.867584453437
-0.91239995103	-0.691868792199
0.691529784542	0.37036648404
-0.198700528396	-0.256173234793
-0.630486031378	-0.772891916953
-0.0313286492816	-0.517648631213
0.777875795205	-0.164892971351
0.169010264244	-0.761370724283
0.0161455777966	-0.435507632417
-0.304173575074	0.170532496259
0.965420703663	0.249443659281
0.44550466802	0.305312832997
-0.892983502426	0.0760725157417
-0.260863964392	0.0569306804632
-0.418235200144	0.315149572311
0.378382193346	0.510891195234
0.236811443039	0.174404158567
0.544798636585	-0.128675526109
0.295267490287	0.816769470908
-0.964627407762	0.254812951829
