0.194865153667	0.285960053127
0.940754336046	-0.591206535421
0.308238793737	-0.97579179703
0.333106044703	0.430544506824
-0.179774062644	0.48271306843
-0.909935013394	-0.718894842706
0.326483018376	0.582533299719
0.234082419961	-0.201062080151
0.347322840465	-0.765236321616
-0.515734679875	-0.141846698314
-0.189205326876	0.843157150403
-0.468723533932	-0.865068222754
-0.169128097571	-0.196275384136
-0.768052436405	-0.882522987674
0.864413761771	0.545542498452
-0.0576823167823	0.700226750416
0.0613886073709	-0.52383907138
0.884633806941	0.100308382329
0.258260061425	-0.669370877387
0.0121440627838	-0.317851180214
-0.105190900266	-0.235347374376
0.369124568883	0.509942347416
0.155631125753	0.491046091296
-0.417688457831	-0.136237707622
-0.430947659979	0.34047075458
-0.822250949484	0.950191217753
0.255318740725	0.906836620618
0.267890307847	-0.571395860824
0.0624954009895	0.862584812896
-0.999145310423	0.797127022038
-0.595403739367	-0.538921909731
0.584086754235	-0.598280262756
-0.987071091012	-0.318283407547
0.931076543709	-0.36890106624
0.906886718676	-0.388209452309
-0.909291381686	0.929271076104
0.224376010371	-0.315533223482
-0.75945655172	0.695939297872
-0.0951204217829	-0.149641681656
0.443837289747	0.406295743327
0.662024860884	0.192712398541
-0.790764037695	0.117547194686
0.514812435346	0.830002126788
-0.986235259378	0.441645887222
-0.750328367388	0.769553529395
-0.277723286334	0.219138381423
0.986059263146	0.996890130561
0.193792125942	-0.250940421996
-0.340223987401	-0.480074969794
0.608088789856	-0.327262007469
-0.124846480979	0.139763311704
-0.787717260402	-0.69694375039
0.781026457138	-0.602116890674
-0.296810358672	0.822962426974
0.38343204387	-0.643507149557
0.196236800487	0.635874671867
-0.040420758854	0.235774937563
0.0342901197772	-0.766266895373
-0.838844873231	0.977501973616
0.748688630914	-0.200545182928
0.823442189118	0.731543507281
-0.468045933048	-0.0116752228096
-0.119419914079	-0.818028807031
-0.0388433913178	-0.177362433783
0.955275236466	-0.361858660799
0.937292366711	-0.434192785096
0.600201767018	-0.980418997324
-0.643845596991	0.0727791005764
0.777924863616	0.685553465296
0.56462702369	-0.966310691408
-0.964938627079	0.290899916232
0.18956836761	-0.030301683113
-0.458272554587	0.0841280843289
-0.569297123472	-0.372116441985
0.524226075847	-0.189526306876
-0.106869551065	0.496287107682
-0.396171312115	0.00513349338476
0.505650830007	0.162851045701
-0.123286222062	0.333136029334
-0.422454485127	-0.930685608609
0.219895113245	0.0355215196472
0.0496255100074	0.0528138781165
0.506050431091	-0.909968385223
0.641511589489	0.0679281627082
-0.959326543928	0.761897371009
-0.512470294338	0.200646382593
-0.371897251443	-0.731945591087
0.970436548583	0.873865966572
0.840580565807	-0.700550489476
-0.356304032987	0.929974519146
0.772796527205	-0.693905750001
-0.747397915517	-0.847934735353
-0.299662772613	-0.306906494673
-0.679085349141	-0.761084189631
-0.578097781278	-0.799547129035
0.199865753508	0.77001198688
0.80431071776	-0.674442780949
-0.458176937867	-0.605790436233
0.132511010133	-0.230844326387
0.453910729912	0.227757098517
