-0.912621958035	0.684665130007
-0.482277149875	0.505511417649
0.676474084108	-0.345459997129
0.899378068398	0.821722647493
-0.981634721997	-0.396473802179
-0.0614293343065	-0.89969766678
-0.825706964042	0.306980663855
0.653169842653	0.597642384466
-0.656008685086	-0.947234062878
-0.707658184352	-0.0840780783803
0.074276984842	-0.709968369019
0.320912452802	-0.438603973885
0.181117172018	0.386327416093
0.449255931081	0.370297931424
-0.575232862349	0.062015202763
0.475904778892	-0.848611735443
0.587177940355	-0.997367779194
0.347123259705	-0.263772762578
0.0293400613871	0.0236312445306
0.0888626078603	0.131638843508
0.929730135095	-0.410277055751
-0.454402720164	0.0977061564037
-0.537589910931	-0.962244330678
-0.425958998285	0.362755752976
-0.397458187504	-0.797754835909
0.516255503182	-0.875577090753
-0.121047679606	-0.298331343654
0.640360396892	-0.195934976027
0.577835410365	-0.0528967043642
-0.2657027164	0.159588956454
0.646050691762	0.00651423703499
0.341282375012	0.858566165528
0.967114278646	0.453843937699
-0.023154380857	-0.909751752827
-0.702105538637	0.969422282005
-0.544188965544	0.658946965827
-0.132629851911	0.314580691064
0.289819562564	-0.863656890232
0.874085796264	-0.650917893773
0.0923063621728	0.299210641784
-0.370365179326	-0.440946147364
-0.110936949356	-0.616141882107
0.142719306887	-0.894708240354
-0.100902913527	0.660594038874
0.94715360778	0.0347235221063
-0.260187887518	0.167511145225
0.291982189222	0.208769588822
0.965839919237	0.814102741627
-0.800294431743	-0.602964424427
0.314005927931	-0.230824826027
0.416751410957	-0.844296965388
0.0210376491477	0.680245003447
-0.581054810001	0.971147616938
-0.717648381177	0.211015900678
-0.480944296725	0.788092524323
-0.269555940906	0.0682625068389
0.87441302983	-0.919768953435
-0.977238126973	0.416973705488
-0.923525545418	0.498717387857
-0.83559732757	-0.0527278259658
-0.210511174459	-0.58699229139
-0.421521276802	-0.428800199072
0.854544796424	-0.977073875691
0.592986756377	0.405222339334
-0.148588573715	0.46192344632
-0.547663032575	0.512777312369
0.412364666891	0.317064421188
-0.745077060367	-0.0929390052696
0.193211473435	0.5259333894
-0.811449434354	-0.546625021793
0.332178340291	0.870801691656
-0.541281098875	-0.489045051568
0.194305863677	-0.749030236513
-0.373586420282	0.0590481292739
-0.773887149234	0.254991859153
0.307535032144	0.777617286794
0.221706341513	-0.257454626132
0.164437984523	-0.516723965292
0.192135399657	-0.825136569811
-0.083894593583	-0.536659945588
0.50781260787	-0.337526098662
-0.799042615536	0.217959390671
-0.332267560534	0.947380292338
0.211938310342	-0.877265143179
0.767320233349	-0.997558879423
-0.89883079473	-0.620413191496
-0.586407714663	-0.592030168301
0.28925236526	0.464321510286
0.207395382573	-0.709167802212
-0.462761373371	-0.602495065299
0.32790041771	-0.0526404742271
0.798578388487	0.799677335537
-0.396182915165	-0.830321140545
-0.691444120093	0.473330535699
0.0181644522728	-0.953127352214
0.979621352606	0.568449534864
-0.167823365898	-0.3918566656
-0.939181589622	0.167964292144
0.11432865352	0.85666029446
-0.0772068851886	0.747471382815
