-0.675467930778	0.37389443149
-0.98679269349	0.888200759856
0.519097894818	0.601910739129
-0.0488693262616	0.458113015595
0.0971295234261	-0.503710227058
-0.92635511919	0.245003467681
-0.876377329377	0.894234187621
-0.41789346959	-0.152840786005
-0.597464295277	-0.745658925244
-0.0897072958174	0.586599982414
0.816113375172	0.623379753558
-0.836296085813	0.271986043705
-0.038711157566	0.0125411165547
0.713365154284	0.252333251326
0.789005091052	0.221975865819
-0.00701275566067	0.0443163472
-0.1168789938	-0.790344199434
-0.719194014292	0.0178204381595
0.250667049756	0.0777197978342
-0.812009644076	0.0229138496826
0.576460279642	0.491135564732
-0.512187387203	0.48010265919
-0.976770873242	-0.773720212646
-0.0552597277454	0.109812571829
0.0518432306301	0.651341572599
-0.213348939737	0.93803181934
-0.789246862454	-0.629394155389
-0.385910468016	-0.55204655391
0.52367925375	0.21246896166
-0.149911298147	-0.148034209839
-0.838130611591	0.0347316601648
0.824102500253	0.436304068779
-0.597887717631	0.672961229125
-0.972833425311	-0.265199793616
0.0988934739474	0.00220832514735
0.126244422778	-0.423454055152
0.614815206998	-0.726767576294
0.30139946933	-0.879638349922
0.771243724621	-0.772125477109
0.561474228325	-0.0686813102232
0.00781113615367	-0.110182659813
0.019278331116	0.970444685684
-0.325094989506	0.485179468036
0.400503049731	-0.159145333227
0.11881230957	-0.53566801251
0.26324645966	0.0300353951034
-0.0167033137175	-0.174685732296
-0.980131648387	0.893212314518
-0.438105613314	0.812963212053
0.358204913749	-0.121854844374
-0.937109096908	-0.614605946902
0.736252833036	-0.82882312463
0.650919504759	0.250543420074
0.449843241554	0.420755245099
0.574372439386	-0.305272559546
-0.403206494734	-0.264189562521
-0.842612277322	0.703952053195
0.922554987907	-0.675322490274
-0.903023267181	0.0891235260489
0.238265656438	0.947452320627
0.402866417182	-0.788895247463
0.917062464779	0.445961493924
0.68342323836	-0.841858493739
0.0419449368442	0.747829037788
-0.83380537108	0.332016830921
0.340106834325	0.491578038435
0.762243465786	0.664414284297
-0.227918331881	-0.938662541974
-0.445612967065	-0.00991467856353
-0.694907740161	-0.03582521991
-0.545579977228	-0.481665046187
-0.892847428553	-0.579144315058
0.264439649578	-0.315096003913
0.627318923223	-0.894461549812
-0.076589356891	0.300233488844
0.527687425207	-0.515810484083
-0.833602037751	-0.533519627633
0.0318017405104	-0.728909087996
-0.931959027629	0.674949872497
0.666463314857	-0.963993432704
0.891176858126	-0.212354503782
-0.805545199451	0.464887518777
0.671869308942	0.103437784054
0.169400676533	0.490095465819
0.971987295121	0.785541993023
0.789940564843	0.298551659496
0.956482778355	-0.297620560468
-0.481820798143	-0.687035293321
0.855900654315	-0.91266877594
0.510461702164	0.053144800148
0.718339850724	0.963850393705
-0.628329265116	0.790910318156
0.209040660092	0.76200818526
-0.286988856685	-0.312363591797
-0.679468517396	0.723578410114
0.483153644607	0.97075130554
-0.606450158893	-0.235718907751
0.738734424971	-0.0928970358206
0.792441996506	0.84755548949
0.642452999264	-0.704451540422
