-0.108662275156	0.989773610843
-0.553488848447	-0.219090724376
0.939289799941	-0.775746070028
-0.599915123675	0.872914411859
0.254686838125	0.580349330897
0.0244683148195	-0.536642351938
0.93551696389	0.418440499843
-0.299636530066	0.625478300711
-0.709350554458	-0.57119324772
-0.132832635624	-0.0458109742639
0.655611072036	-0.0743665909468
0.921953392316	0.946798516674
-0.769419517483	0.547189983194
-0.342603196043	-0.866291319712
0.151793064159	0.438327235021
0.685822603056	-0.939965754898
0.457915997298	0.414278896988
0.37058604379	-0.863071641569
-0.344893436048	-0.810726603213
-0.805753120163	-0.251780448403
0.383096965828	0.955010876568
-0.333539365642	0.284585677107
-0.816290242489	-0.8944383565
-0.479314682138	0.754193992349
-0.416319515005	0.383460470059
-0.765401261243	-0.50605050707
-0.760531516931	0.604257520069
0.990714294054	0.210740284791
0.329913278359	-0.585878907311
-0.367175263983	-0.167631035422
-0.0741891850253	-0.648041914595
0.369909969353	-0.303921639677
0.812333118757	-0.928452483289
0.12020517757	0.484118287822
-0.546693122499	0.15461195858
-0.0713504126103	0.115433225614
0.141505042311	0.916682482864
-0.408561690935	0.774711360025
-0.722972154219	-0.443382063492
-0.655258733568	-0.340988340905
0.383366883622	0.252357688606
0.571680209186	0.278381900871
0.0891204108736	0.223240795422
0.675599547226	-0.852048963393
0.14862427629	0.625443046635
-0.428603995383	0.385287721374
0.0825917581651	-0.93717134424
0.715266735143	-0.563479012115
0.255547555631	0.851750279523
0.586417992306	0.916314259245
0.266025833685	0.298397503323
-0.876331709984	-0.512786868088
0.975642099136	-0.557470149577
0.824932007736	0.441830014078
-0.339182181279	-0.452123837598
-0.951233212575	0.881895015686
-0.713078184328	-0.859435787841
-0.858079500413	0.821368260981
0.619449443432	0.174570054507
-0.999913100705	0.842456535263
-0.647868637173	-0.286116278843
0.147745575572	-0.803269370219
0.132887997122	-0.516366316226
-0.919230977765	0.572549173667
-0.991295691349	0.0090628539238
-0.863268567651	0.394190327558
0.126174088543	-0.21759640956
-0.317756694232	-0.0462193014018
-0.848983969818	0.341293982546
0.981844212311	-0.414006457744
-0.245617403211	0.244038324247
0.0339461851924	0.937964949051
0.52983712953	0.918248474664
-0.614405027729	0.205253621617
0.932031570962	0.498471713865
0.464772186177	0.00101941553007
0.393123455767	-0.0643538553024
-0.372930204872	-0.47793232222
0.932190370016	-0.792416795513
0.652048299927	0.664362629156
-0.140184107727	-0.364828027316
0.718951729433	0.923222909156
-0.217015291459	0.810331896005
-0.8976954461	-0.265096977237
0.642365579467	0.588021510357
0.631887407169	0.895342441846
0.853012497975	-0.437118690966
-0.522067004864	-0.698485091587
0.687537873499	-0.964458672833
-0.526476791146	-0.969198663501
0.429745389439	0.464928300535
-0.594691286068	-0.0908141376086
-0.372279364344	0.165231340366
0.702322782901	-0.283206872174
-0.281809899328	0.00219171430694
0.395193956686	0.288780146651
0.170600193716	0.149521885729
-0.492860773717	-0.659076810207
-0.699621486853	-0.806112215872
0.555214424782	0.877311227125
