0.743129077918	-0.0380111218333
0.592528418802	-0.234815720264
0.765951298586	0.0890364981374
0.682681476388	-0.142137036429
-0.7944187553	-0.755028482739
0.99949529936	0.147913782591
-0.983238905839	-0.213816450453
0.911783209832	-0.0843022686883
0.65571808002	-0.509609847984
-0.0244861062423	0.497714355354
0.972956785306	-0.496647133469
0.509869269933	-0.933234237203
0.501600183833	0.263684889932
0.652812611629	0.64813621241
0.52084487061	-0.913386246433
-0.170006420052	0.66490523713
0.854758746243	0.475104273361
-0.627129924672	-0.423156307155
-0.180640450124	-0.653491024416
-0.0251475109247	-0.329967151545
-0.457358075936	-0.861884003914
0.310346673488	0.355819462438
-0.787945172127	0.602801223517
-0.484120763128	-0.356857578063
-0.458223874751	-0.710921486927
-0.630787114527	-0.371671059907
0.19280160102	0.299655281483
0.379957374203	0.965584015788
0.787221445726	-0.434515029291
0.31265577026	-0.727392989488
0.53065592539	0.446980629437
0.166667790356	-0.824176747384
0.46972581652	0.903094400277
-0.786123930805	-0.0298150295428
-0.290357662317	-0.085323003544
0.0110412953823	0.837347988242
0.209247281229	-0.525484465909
0.20597937917	0.104252215632
0.978367140187	-0.08467443196
-0.237633214336	-0.00539912300771
0.100061418801	-0.6822896075
0.51137348835	-0.782080562648
0.552630899013	-0.602901784519
0.475415148516	-0.687025489817
-0.19418421918	-0.0552623726107
-0.499685698323	0.230375699033
0.0340986321756	-0.676765710147
-0.988493420599	-0.327149514671
0.832242759778	0.112960865674
0.754667679186	-0.187388473671
0.831305288786	0.642617629613
-0.0143945670831	-0.893590582456
-0.176723893089	0.439201207008
0.763582355144	-0.578740837884
0.296490647455	-0.799206176988
0.167350126192	0.474903782665
0.617280846742	0.495765133848
0.242480731754	0.743008698317
-0.944586892137	0.781786290221
0.589299827303	0.12373963086
-0.610020303254	-0.397698988692
0.912126792153	0.146492125777
-0.705507537823	-0.819075067242
0.845987586602	0.968041114656
-0.801134919392	-0.781683112085
0.377892468047	0.691370736365
0.871099260902	0.823834920389
0.525445540881	0.320789514511
0.56242809277	0.346440664866
0.836615614795	-0.478489046809
0.297932013481	0.530584387414
0.329517429218	0.756296146287
0.100308083326	0.334303143651
-0.398032346224	-0.135231849571
0.409485124243	0.144833723589
-0.671749435883	-0.996851990756
-0.459686644145	0.189471518075
0.485997084301	-0.919551495376
0.297215271312	0.209628998675
-0.243520904206	0.504716253851
0.361282882348	-0.413827426074
0.488874916841	0.82429606534
0.561593526068	-0.645999970829
0.809920509928	-0.421145749552
-0.27749754141	0.0708248447815
0.640821486995	-0.17730970095
-0.996825579388	0.435440211134
-0.940340799004	-0.235805010155
0.940229268657	-0.310543318299
-0.296626577735	-0.84069786447
-0.728239604675	0.903181049645
0.126021075956	-0.629238698843
-0.274532634401	0.901201427665
-0.905671689853	-0.73864023435
-0.412056044206	0.842809211983
0.0752596683447	-0.0418007037037
0.773712931055	-0.68352900148
-0.24818843583	-0.755078489269
0.285204016291	0.270996469483
-0.392149146067	0.771174040313
