0.975142732174	-0.128478788746
0.147134205835	0.169085926166
-0.347622174152	-0.390380280427
-0.152924918015	-0.575732811064
0.0852611165004	-0.630644238889
0.114689603036	0.635934872584
-0.745019322665	-0.936387989148
0.575645924817	0.0635168055153
0.932644239601	0.661616289771
0.801395790297	0.426880371675
-0.664772062541	0.651902703727
-0.753802634073	-0.283756658308
0.573220858127	0.562825955556
0.0346930721689	-0.836919660128
-0.993988800923	0.995568178616
-0.266044647113	-0.248814310449
0.684101976912	0.175176420427
0.700814341559	-0.372569706455
0.926953492287	0.52772818786
-0.553344885643	-0.418558589066
0.28666702812	0.300801321679
-0.403556673087	-0.299421042997
0.756341767697	-0.0599339004441
-0.333473905557	-0.628148694224
-0.261101425296	0.128748945881
0.0231575177539	0.554901909327
0.020657688687	0.42841163326
-0.667099325838	0.970219786152
-0.333059283745	0.94426827453
0.984530058873	0.754413219555
-0.857519798497	0.998263363962
0.761483192176	-0.802923440263
-0.326646821161	0.938833400394
-0.879281249559	0.890131224725
-0.0809675720769	0.878289255182
-0.353712684849	0.931803129833
0.247044065009	-0.212186296431
-0.938371806078	0.887010802651
0.826795785571	0.666922438429
0.111062420373	0.936240192533
-0.328468620105	0.404713681547
0.0124741644701	-0.910113924138
-0.29833114783	0.844956873456
0.46676480634	-0.434568119268
-0.844524614386	0.705391143158
-0.757980791015	0.344789420524
0.278468635641	-0.110563936936
-0.354032377671	-0.640499303862
0.00190707670553	-0.863302543805
0.584853291934	0.101663804959
0.852868855591	0.78077544436
0.372293828771	0.753639025163
-0.726133897785	-0.10467931549
0.115653060017	0.367836340218
0.257225853664	-0.111084803437
-0.140105673122	-0.014384082755
-0.273081417675	-0.242754156423
0.0813686318073	0.447203605664
-0.399952773277	-0.418476138643
0.581993410633	-0.583691938289
-0.622896649677	-0.849274803279
-0.695449341369	-0.87750920016
-0.484099496913	0.536785809729
0.476091795635	0.0165621652872
0.25681953561	-0.140877869787
0.853083463355	0.333295983741
0.0638780985542	-0.65686845248
0.383520125776	-0.029157566822
0.349975845396	0.0466328322766
-0.490599893212	-0.476280466143
-0.376161010883	-0.91204129073
-0.0935383643464	0.193328450439
0.523593275995	-0.737039247491
0.58952733984	-0.714467021892
0.890489071296	-0.612438444871
-0.60801012136	-0.0405962306872
-0.763180651153	0.283849020243
0.956401752105	0.800856562377
-0.516704108653	0.650523116955
-0.043605573726	0.910032691991
0.545978827932	-0.292155122914
-0.206979739469	0.459005765799
0.884167934033	0.467541353592
-0.952357438261	-0.49605009713
-0.858759699509	-0.151512512625
0.984599107647	0.12401241603
-0.202776983528	-0.582928961127
-0.365757162802	-0.284398134521
-0.375334047248	0.730611794797
-0.997881457332	-0.0313875260129
0.429920700509	0.309919788451
0.13165577449	-0.670278540548
0.867700256949	-0.653027002994
0.0395343899643	-0.0789076393432
-0.952539049443	0.782503813613
0.549969364235	-0.573677727766
0.762928330837	0.369166894943
-0.88463277397	0.558589706515
-0.42332868222	0.832564173825
0.912121447858	0.382534501566
