0.109301669992	0.379120251758
0.772095779571	0.681340313623
-0.20622219595	0.491596481654
0.985505971854	-0.872361117249
0.108310497472	-0.23713974035
0.662971165969	-0.524327412266
-0.256281462358	0.95960520971
-0.603833192114	0.693519924992
-0.145365336619	-0.099389142157
-0.587561393185	0.624909594783
0.381290805579	0.048572277668
0.239452518736	0.780687363163
0.857614733258	-0.765509148704
0.446943067199	-0.524867375907
0.640759380451	-0.65154330525
0.0958319165624	-0.995134068419
-0.355478458081	0.626280798526
-0.344581185541	-0.375571154828
0.416771084312	-0.472417707042
0.242415477196	0.996848285695
-0.986780708729	-0.164871800047
-0.172448221965	0.487602161144
0.516622329301	-0.156192477685
0.269704305664	-0.908685024357
0.838621753892	0.979141265876
-0.10820501476	-0.474914925984
-0.944505654279	0.918077880123
-0.211845522091	-0.413666746798
0.475102853375	-0.649980306956
-0.379073416431	-0.881092996106
0.463328282952	0.941708304153
0.221922357228	-0.436829262388
0.898065576364	0.379323757375
0.877058195951	0.89785022984
-0.400141460065	0.36499882005
0.974419637325	-0.0486932354882
-0.548754498018	-0.269298312407
0.0386418781235	-0.86821612878
0.613716100657	0.0603303885335
0.551957888124	0.615875282559
-0.0402945905774	0.607474179254
0.2795801408	-0.689827024886
0.190993494384	-0.0416562249188
-0.566965053639	-0.228148673629
0.62570817602	-0.300189546564
0.359855608257	-0.519751741367
0.48527597191	-0.802983945602
-0.548111689441	0.751776219888
0.678809848359	-0.524178399285
-0.729164137642	0.73717961685
-0.943022133051	-0.275015441193
0.908522870001	-0.744266712902
-0.321409411065	0.758686673729
-0.641307289969	0.492819085708
-0.616565271777	0.599628365739
-0.573010698337	0.605004124283
-0.0391087908213	0.32705721477
-0.372119700766	0.355439423335
-0.86965557302	0.0633531219937
-0.591974222576	-0.468192808162
-0.840779849896	-0.0627510390427
-0.147235345744	0.0383212089728
-0.618441579433	-0.0468871324551
-0.121075493494	0.267489322898
-0.691922855986	-0.147408971491
-0.622428596298	0.88668553446
-0.422815507793	0.576340265719
0.715180866946	-0.487572804903
-0.713939804811	-0.303248717726
-0.0563576961464	-0.153394837316
-0.196493196498	-0.400410951058
-0.128440149186	0.82841641087
-0.583552856898	0.663681460324
0.740692778437	-0.623497486347
0.559109907225	-0.365945126082
0.828385636344	0.915395561793
0.992990083443	0.164971483729
0.753500537935	0.988306250863
-0.294306907997	-0.959801793826
-0.0810694349135	0.475644696204
-0.619258029748	0.83237868143
-0.490201052138	-0.849536593574
0.0428126461691	-0.778461113754
-0.21384879298	-0.311475535447
0.504004532755	0.136544548378
0.491834828293	-0.518735448495
0.622319077806	-0.285910819857
-0.854210581395	0.699857577488
0.504804336541	-0.338701976626
-0.78541641389	0.513532673357
0.243894998694	0.644234176362
-0.29209917968	0.762782900658
-0.307659799795	-0.246626543459
-0.519516381585	-0.912875123972
0.664027718281	0.425401878462
0.797797932982	0.188288156146
-0.53784710107	0.109520828105
-0.834623509001	-0.913386858937
0.717345508237	0.511039794989
0.263622887203	0.257427303827
