0.558465149505	-0.355795244418
-0.0624432102832	0.0868644373646
0.772604386771	0.390061634046
-0.295420656241	0.291698586907
0.602820118018	-0.340563515783
0.870447217687	0.271404881282
-0.117851476212	-0.358467616449
0.48491409023	0.275134825645
0.354408868145	0.408088974072
-0.490454964235	-0.150678029906
-0.823704241316	-0.914969935497
0.415360651035	0.962776394577
-0.387563226365	-0.713855211993
-0.583192468192	-0.532360195958
0.902396397273	0.270997964692
0.836604358143	0.302911199972
0.196992448461	-0.682920256308
-0.767136385391	0.779121509846
-0.703979828674	-0.716463036785
-0.255010939216	0.111755091935
-0.0741230400469	0.261250151964
0.788490030028	0.710584480753
-0.13070432723	0.867441031226
0.616389216698	-0.262351040454
0.926757046501	-0.165964951293
-0.714131283121	0.696463064312
0.72367385175	0.276700079836
-0.142915261479	-0.91653425506
-0.179498017184	-0.142294636767
-0.151346726341	0.368042358188
0.152211895688	-0.475358241345
-0.727002187395	0.0480270714668
-0.19027382435	-0.367077861805
0.0837884301231	-0.296053968259
0.313861194677	-0.680562821135
0.143522356049	-0.29169801351
0.212937103717	-0.152549014427
-0.200385738397	0.399074377249
0.800974379879	0.0985213082795
-0.324777559702	-0.971848415611
-0.0194800940683	-0.177152269232
-0.319156378905	-0.31031144268
-0.229267371165	-0.201934549217
-0.665232816189	0.326365341576
0.141081607145	0.850568430258
-0.26246770804	-0.180339578918
-0.600664439277	-0.93497907857
-0.0385452783275	0.688274584152
-0.711456400593	-0.538518921451
-0.899187388991	-0.806084009683
0.570640679577	0.374845100118
-0.990141691958	0.405262727341
0.547362326249	0.944204465331
-0.198827278838	0.981525316857
-0.676007038955	0.365971509787
0.569519141196	0.0949420756745
-0.973411706044	-0.232450421229
-0.465375619485	0.11680875688
0.903525537732	-0.739698702994
-0.414573737962	0.196026682739
-0.951528384052	0.449046290559
0.283936792583	0.269509326772
-0.927135403835	-0.544683618536
-0.464366908582	0.870515629994
-0.229001069923	-0.238507560473
-0.508088187787	0.159227980657
0.793711462871	0.597995193935
-0.612843433711	0.769049850915
-0.126922359824	-0.725964293497
0.740175742165	0.80494276882
0.381300686406	-0.327803338074
0.973143543422	-0.601003917007
0.991022216798	0.90033163724
-0.787145229995	-0.165793031537
-0.496470290829	-0.0429395468361
0.167626455119	-0.759748736346
0.342238923138	0.409119931852
0.755261347201	0.048094760132
0.421850835358	-0.0306353633631
0.840285974641	-0.0643997515962
0.579427241645	-0.598428161653
0.882486888323	0.529580672964
0.0552146209183	-0.899849498987
0.77740078961	0.00093563603205
-0.290839899485	-0.2989767263
0.482915152697	-0.145345222903
0.197661638389	-0.147108333686
-0.377869778804	-0.122006538967
-0.321985417822	-0.982490568985
0.344686808187	0.127657311738
-0.825101092841	-0.990865674966
0.281843470787	-0.68068036682
-0.404253365472	-0.0805453626237
0.577459131026	0.111606156636
0.0820979336791	-0.189146438667
-0.298971226808	0.213330500518
0.740759362253	-0.529369334997
0.526838693491	-0.302511329677
-0.521402824259	0.23811497064
-0.562020029486	0.116660507469
