-0.993541953018	-0.923779805484
-0.58208558185	0.0455979331478
0.230486457811	-0.215455382942
-0.429747820658	0.0110563878696
0.97939734645	-0.65980485153
0.784261940393	-0.870045188038
0.0799412229583	0.983026339448
0.301500526453	0.541947746712
0.850408534267	-0.82160460606
0.0795358651952	-0.192355913129
-0.221200324292	-0.92884688159
0.86270329294	-0.573671832276
0.175322722132	-0.228844176453
-0.652256172049	-0.0986073797013
-0.274483644453	0.667957243839
0.478063717671	-0.943459484437
-0.49327205764	0.783005291951
-0.482955228902	-0.134363483018
-0.265273592291	-0.296666044308
-0.499743635867	0.0553337310402
0.97956340878	0.525248016921
0.485021480587	0.318272548046
-0.0100039582255	0.0704124498876
-0.581461328587	-0.816982466024
-0.739849694087	-0.632442511784
0.665935096801	0.980078922845
0.857937546955	-0.575575596855
-0.232059797935	-0.427384317344
-0.812501325913	0.398038402876
0.206310289187	-0.962584691822
-0.911011773038	-0.701523229905
0.179349306997	-0.334048028336
-0.927618525786	0.963839812267
0.612777172088	-0.80282713616
0.528204030303	0.0959854677544
-0.371199320263	0.223453142024
-0.992618012637	0.0130916952811
-0.648101182013	-0.904203129499
0.28348547232	-0.709716309066
0.3552668087	-0.112831489118
0.157186743845	-0.502114044414
-0.192175013988	0.990673734409
-0.617958811333	-0.586705783385
-0.187939003873	-0.264583082043
0.350816014065	0.593554123739
0.176323258367	0.632523283868
0.822099732974	-0.672718016605
0.60077347772	-0.79216539625
-0.943489560363	-0.488945291616
0.0754195687672	0.456375185517
-0.223841053349	0.297721679387
-0.739189489235	0.0829409591349
0.9082017237	0.710540452256
0.64743597435	-0.317479389536
-0.651587105393	0.179807022896
0.238206472885	0.583429024288
-0.529127891994	0.69530015104
0.0199499368019	-0.425783475823
-0.0603051381689	0.644156127491
-0.9006170898	0.872564370971
-0.507285848912	-0.748074305258
0.847119965299	-0.955354823654
0.0317847322606	-0.851494344979
-0.735789328847	0.326772193333
-0.181222892689	0.887366645673
-0.780508850098	-0.687240150254
0.48216067306	-0.353746453834
0.0258488115434	0.0658474844652
-0.142955811453	-0.321484997636
0.967123718565	0.466197047568
0.236288549456	-0.046268220539
-0.493023169691	0.403110305263
-0.0197013972118	0.194545484819
-0.131333735807	0.666469924055
0.458813923676	0.411652258699
-0.04388753265	0.184819862116
0.37305730885	0.0389986477353
-0.242109620365	-0.43397832667
0.20429008627	-0.108009929425
0.847621871755	0.48411445583
-0.548822856684	-0.00469807354163
-0.362647841826	0.24920657001
0.0558062518677	-0.35358267387
-0.60041290739	0.396138363448
0.134776813816	0.171595405338
-0.951683963709	-0.138789452053
-0.605503948859	-0.7029258306
-0.495805978481	0.69146540857
0.384442354353	-0.133597604633
-0.935087229892	-0.848866116725
0.39472315636	-0.0936324763879
0.453640715315	0.708539650516
0.774397990214	-0.473159928571
0.519906812074	0.443121882248
-0.726892593885	-0.875428549603
0.361224617184	-0.240311542524
-0.696283306938	-0.79476737916
0.112725648131	0.409044568347
0.253339881831	0.571532745955
-0.637768898794	0.419396685755
