-0.15801043642	-0.897091739454
-0.0858362830965	0.440366950361
-0.645026599192	-0.365795045755
0.409298519722	-0.42913742381
0.00139967735153	-0.550953460852
0.857681908851	-0.613231079637
0.688209225383	-0.454307609835
-0.0732324187266	0.577543100355
-0.512545405677	-0.109805673824
0.845691525713	-0.316442933063
0.7261554604	0.815050963554
-0.817124009983	-0.0930608530486
-0.191474187647	0.982206664239
0.279461205929	-0.940197242545
-0.325871535745	0.755926500979
-0.965330859047	0.555910995862
-0.0425034145292	0.927077068792
-0.306971843756	-0.220784197643
-0.440301076857	-0.122303580545
0.591284143045	-0.0404176858388
0.728625110818	0.396368643236
-0.787553534107	0.44274488608
-0.424479297891	-0.204856646487
-0.630706910603	-0.435629868856
0.768068347287	0.872931475518
-0.415453228706	0.906936856394
0.184073452562	0.68970844015
0.584982627728	0.637121895621
-0.0938885607048	-0.411604210719
-0.704237974582	-0.662425892342
0.613050173414	-0.798212192605
0.829702189607	0.461222608028
-0.681533142528	0.809791093571
-0.7860287609	-0.71782694955
0.259381140999	-0.783701152483
-0.328402430574	-0.78619259436
-0.950721404829	0.528044396869
0.800211026307	-0.582705064093
0.102511567305	0.144851540559
0.611729007278	-0.863891344567
0.698021545816	-0.19233566311
-0.719352353623	-0.0497623054634
0.90126932787	-0.416271255914
0.952897146415	-0.320281256584
-0.220563981754	-0.24240795012
0.0582309426617	0.0338076321898
-0.981802898661	-0.463453610284
-0.0108190567903	0.614933855228
-0.948721693842	0.43680118001
-0.752623373275	0.341897962501
-0.814768493215	-0.917370636645
0.231863468427	0.0659498343661
-0.601296898553	-0.951559935289
0.595334288816	-0.00820038650793
-0.787663059711	-0.953905429845
0.511907776912	0.321933682903
0.395828308383	0.769137690752
0.354940809993	0.165931905841
-0.991033519802	0.186228361753
0.164539116268	0.537068289538
0.68349579312	-0.255744299464
0.289593558056	0.721260939429
-0.43896072204	-0.85815752837
-0.910740030457	-0.324987966981
0.230462733252	-0.710694239483
0.639154993337	0.103632496856
0.812790029139	-0.734304331492
-0.294544503699	-0.797212005424
0.488057723616	-0.317942279962
-0.0616311117411	-0.459832745661
0.138441619545	-0.550635487877
-0.177641550491	-0.608315465066
0.617228478292	0.235286606432
-0.495701667945	0.201513996811
0.232748692585	0.0903538533701
-0.135387066758	0.311611535553
0.645174511529	-0.59310769153
-0.663550094782	0.317766626466
0.773827045784	-0.725808979858
-0.113346822484	-0.603025442588
0.521416012798	-0.909608056898
0.729207028111	0.0690057056208
-0.532680762154	0.353881729024
0.824807630332	0.468639852373
0.724022906488	-0.574215101582
0.497314666688	0.0970929568353
-0.299021964996	-0.311389087187
-0.0171492942258	-0.157846273542
0.00729147626529	-0.966441342025
0.71597407576	-0.0973365942531
-0.49128265363	0.0226478955831
0.785050937292	-0.835043635166
0.841240801525	-0.548696261415
-0.765746138905	0.34690819788
-0.31272120766	0.0452363525384
0.101156422111	0.0352519315787
0.944333590103	-0.778521749582
0.151748732609	0.502583032259
-0.457221900819	0.163763626738
0.474261726976	0.745355751574
