-0.986918552768	0.453869801793
-0.308464198559	-0.319251877506
-0.561196094824	-0.877784133526
-0.730144628002	-0.316395370456
0.61377750719	-0.373296358814
-0.000814306992802	-0.510304609852
-0.394484274892	0.156858204975
0.6858887314	0.703244067179
-0.523815005161	-0.377373780073
-0.53551800471	0.907986179763
0.902782174807	0.928920885567
0.0514090904374	-0.726313648003
-0.181661530076	0.927939538333
0.309984631646	0.919959659163
-0.438290304017	-0.0219974787203
0.104862242584	0.20354220637
0.723754534857	0.799251363204
-0.41656530222	-0.551433341633
0.769471085336	-0.411544851201
-0.682815286725	-0.50732154257
-0.927427295293	0.355808295911
-0.519445957611	0.343345857073
-0.192645734301	0.568448747249
-0.658620713073	0.907404497021
-0.393708307994	0.632296368688
0.600689544418	-0.903022592816
-0.543684711736	-0.270307985937
-0.0562033901975	0.972663055269
-0.123271155062	0.152981843397
-0.81853648753	-0.913316170091
0.693673404077	0.0591456558768
0.272730877191	0.535184831973
-0.207741011024	-0.224327564725
-0.317560819539	0.166919019215
0.911201211938	0.772082171457
-0.879258106055	-0.876710438047
-0.369384348858	-0.450714626319
0.388471348509	-0.447385146159
-0.814746887174	-0.735780006347
0.264286886391	-0.37398507046
0.178247132489	-0.33683959968
0.416523924482	-0.247933935657
0.0571488716589	-0.536111042213
-0.441545348995	0.683241690582
-0.905474272816	-0.00131394692284
-0.218319096665	0.775661692243
-0.753785051912	-0.392340299325
-0.981114266398	-0.697344600796
0.516952088341	0.854886643153
-0.655156203477	-0.707854517121
0.780705035905	0.279103969075
-0.03108696114	0.902861001709
-0.305127957091	-0.170731451787
-0.288018482565	-0.215248515343
-0.435248092682	0.434732713296
-0.468338027288	-0.894508711113
-0.395621881747	0.70414268341
-0.884685507006	0.869627118932
-0.500680176741	0.293764230048
0.0121982090467	0.984008735315
0.0640471882777	-0.828334629405
-0.11378211806	-0.906063767453
-0.546710569581	0.61456238868
-0.320769461854	0.796184073219
-0.142506860132	-0.330167251094
0.088395837776	-0.184901849082
0.775670451282	0.45883279274
-0.514377872956	-0.566515139992
-0.0496444051859	0.568585082057
-0.491497815587	-0.95144817704
-0.35224420338	0.179758298065
-0.617393650395	-0.56258458832
0.563835224693	-0.951503380869
-0.523802844531	-0.0722095445934
0.210190185818	0.042341755548
0.574569373395	0.319551424469
0.751457310002	0.801723399339
-0.890327133799	0.97120181284
0.00921435108226	0.822429909856
0.161669040607	-0.704212350746
0.987533158054	0.773049863252
-0.339403248918	0.565035162559
0.120029623944	-0.561807511626
0.40489966896	0.962957461277
-0.369859097708	-0.817065059892
0.130471487068	-0.572709160223
-0.13831879261	0.796045980243
0.907373164117	0.633592707779
0.763885984429	-0.0994408815565
0.629201346422	-0.777578354904
0.758982708347	-0.829376147729
0.672915974489	0.234866751879
-0.941442130458	0.534052222013
0.661773828672	-0.481684870462
0.922669719681	0.646500760697
0.957027808202	-0.683723604385
0.0401120687517	0.617110089734
0.465992355256	-0.82135322181
0.146866914957	-0.491869168316
0.374212427272	-0.625978043281
