0.371173339619	0.636100010228
-0.678372606411	-0.765819952937
-0.798973794904	0.826201688152
0.699170319366	-0.103175473736
-0.804979204625	-0.943978375855
-0.918102297681	-0.0368017770695
-0.553132879361	-0.42329609141
0.322748465291	-0.705929568666
0.728206536544	-0.924691819857
0.525117568819	-0.355207794995
0.192522724572	-0.343617853089
0.35729959849	-0.342360995003
-0.69818803634	-0.735149097789
-0.653860067175	-0.660929951148
-0.61853153255	0.295348596283
-0.739930590051	0.923828399693
0.433180816569	0.512472277285
0.0799512065908	0.110186666429
-0.762544899016	0.467385241725
0.284046947235	-0.18863311305
-0.0169801827709	0.784061742539
-0.676304187565	0.339273143965
0.491765711332	0.491483842587
-0.105812026321	-0.666731684758
-0.476469747235	0.218291016608
-0.929294492086	-0.668030478229
0.0880172093009	0.285010588759
-0.557474187843	-0.254844280117
-0.592891585615	-0.966562613917
-0.38647717482	-0.685238110525
-0.0205340401821	0.121381066111
0.541053148773	0.969699469888
-0.150118143797	0.475093506238
-0.383089264611	0.160634978153
-0.419609363955	-0.99660082005
0.0121005191712	-0.743925914625
0.787500716789	0.34258529503
0.515743616233	0.221447914911
0.671971718857	-0.986000025525
0.404013525181	0.0732729922439
0.0126924693239	0.273315905385
-0.335864530067	0.335036587052
0.632686785231	0.256246674399
-0.693566653071	0.98742441929
0.796828583338	0.489612982414
-0.673089020252	-0.178062861872
-0.555933033791	-0.196948847609
-0.303569053243	0.928614269707
-0.617204793936	0.543038598691
-0.253759877023	-0.514957001921
0.570831544944	0.491553401785
-0.0155446872343	-0.985534913306
0.462709556486	0.539926227941
0.342909430214	-0.231067301996
0.340537805671	-0.0919774983733
-0.289372024558	0.0414249332322
0.109502038594	-0.16941355981
0.744428487694	-0.074836191528
0.783275769336	0.894909997529
0.0764607123097	-0.614657161872
0.840066871875	-0.488972255475
-0.888821444718	-0.859083422775
0.92185166836	-0.138524870375
-0.288990046141	-0.540931298895
-0.44550105637	0.360460198321
-0.331482258084	-0.158192728692
0.00334064313075	-0.327998546288
-0.505482287243	0.60520571512
-0.453959665379	0.37328686551
-0.494199366347	0.779206071464
0.649200654223	-0.187006927662
-0.75899331463	0.0515649445457
0.580775641951	-0.765503988634
0.453215851377	-0.358179965659
-0.170591350353	-0.853899427785
-0.209638428027	-0.785478677978
0.166227117881	-0.125159307915
-0.329570065341	-0.98849583986
-0.611162291666	0.906414368416
0.00180050894239	0.670680252809
-0.805171397307	0.838010654695
0.711575162329	-0.726528250623
-0.482533638342	-0.453617482906
-0.700584100763	0.981581294704
0.806096300135	0.550728702746
0.814136497907	-0.405156348565
0.764771622162	-0.638388493633
0.863392813746	0.625645028324
0.0104621959382	0.242716226469
-0.753120801654	0.191595413076
-0.579023930146	0.0955812975609
-0.541319463048	-0.298135586952
0.962202991704	-0.980846225672
0.392138914839	-0.371867245053
0.0407316617772	0.808112973675
-0.924173510414	-0.859403486576
0.679980356002	0.104386455413
0.52945535582	-0.337427606747
0.968925042619	-0.499193428056
0.484631479854	-0.270372672159
