0.975429090543	-0.791235938214
0.287064074069	-0.482347872149
-0.71391610774	-0.365136900591
0.357956468974	0.525813172332
0.698137553202	0.543999014959
-0.692975789217	-0.929985899372
0.25719388305	0.435353443425
-0.0724302416639	-0.684155320239
0.231914390677	0.220442688681
0.657980445407	0.990175440186
-0.299423135593	0.543347274188
0.770358757599	-0.711854031747
0.637387688889	-0.211236582954
-0.0714242597904	0.547799422153
-0.556478190314	0.347899880143
0.123421534679	0.197287851715
0.0974986347276	0.650052659008
-0.356107377639	0.306788076841
0.320720898802	-0.150443428002
-0.186090299872	-0.769680540189
-0.387133667437	0.750318392761
0.0819191371282	-0.0880286761355
-0.942416672483	-0.0248077711739
0.924964311611	0.410328106978
-0.111596411455	-0.604371245791
0.415859776492	-0.0407571627449
0.0727715105204	0.244624642719
0.947710522177	-0.143741951424
-0.66205492269	0.057863614754
0.654959459717	-0.479769138419
0.523417708616	0.632563544787
-0.113143387413	-0.80482960645
-0.715213060753	0.258684969898
0.233076467279	0.172008746436
0.0252466125589	-0.734158999103
-0.509805041197	-0.134605985646
0.320176389745	0.459866665838
0.319030465462	0.912529074255
0.354557594912	0.073018052146
0.841523761325	0.289671606194
-0.851720588362	0.80173423207
0.793591113664	0.826621410753
-0.958588130797	-0.773370315353
0.401561957554	0.626922325879
0.94470833104	-0.794311693805
-0.743533434074	-0.72773273112
0.604576701955	-0.732372279442
0.816532522234	-0.174438068559
-0.535318997924	-0.0317870395277
-0.380051028073	-0.812912641067
0.585696979975	0.407976661136
0.747894864755	-0.941072340061
-0.800125312123	0.463489114354
-0.128446392712	-0.937517390205
0.925384809703	-0.380072511381
-0.823512391794	0.769807621338
-0.953247312465	-0.290488123449
-0.984316600617	0.887990238671
-0.254260448949	-0.376203659901
-0.884555144047	-0.554739779593
0.169196657404	-0.984453553162
-0.781033356846	-0.401976317198
0.140720119091	-0.11022117329
-0.193580853357	0.0420900541181
0.113505740079	0.870196113849
0.105747230403	-0.478083136338
-0.23183799328	-0.629886076889
-0.548226683956	-0.298377474482
0.935612496892	0.651127038025
0.989500667833	0.671849093972
0.643378566123	0.561961250549
0.313268721871	0.225839149298
-0.106159466452	-0.747823306725
-0.259943801279	-0.868974591623
0.694796150764	-0.893855411478
-0.518690948017	-0.31116140902
0.980387155233	0.986165664651
-0.77176367108	0.686391540374
-0.14413420612	0.817265290079
-0.0313226648245	-0.232041522315
0.0618164701681	0.757492770602
0.948044931963	-0.923802130152
-0.0428050835107	0.168598727362
0.852434882993	0.682732309933
-0.401212710794	-0.507155592844
-0.796803900404	0.588015934172
-0.618043420652	-0.0112536868354
-0.47230581754	0.936113346082
-0.0868188111652	0.627352548462
0.213860146942	0.873256441921
0.338388267288	-0.381749818365
-0.206539551847	-0.418637176442
0.955662085219	0.898935249294
-0.889873363221	-0.894736388502
0.950977266803	-0.0866235753007
0.200380177448	0.43757689527
-0.0464883112592	-0.553016302642
-0.619440983195	-0.0629564537743
0.14277165733	-0.996442177105
-0.151638483604	-0.758458788445
