-0.593227135953	0.189903754141
-0.229414513045	0.182742729642
-0.977696486487	-0.213660051749
0.810881456919	0.165112925009
0.267518795524	0.676734273084
0.464945081878	0.999989649767
0.12670479438	0.165413840341
0.851972612561	0.237090101437
0.4722226688	0.302911703138
-0.776220937411	-0.0453352440472
-0.243084697332	-0.633226544601
0.224201202142	0.662006487418
-0.953625453778	-0.124861714597
-0.428599700079	-0.919562610114
-0.754587580186	0.614771855077
0.243385368775	0.867612112752
-0.0326351205862	0.695511741528
0.331015387382	-0.0488230154457
-0.150626939993	-0.258618551105
0.0338390488184	-0.783476121316
0.696925606957	0.821663437338
-0.658604047392	0.824795756985
-0.711281147551	0.474349528888
0.656510828466	-0.349033788207
0.403165030388	0.85636645686
0.43697412389	0.391268989451
0.792120607832	0.54646912431
0.422034860657	-0.832711534893
0.487349484756	-0.513788972716
-0.524286397295	0.27938590086
0.431868741582	-0.0841746616407
-0.61316629151	-0.0209941884445
0.845674008694	0.204434968977
0.295012749688	0.213657039364
0.175098484412	-0.959542290335
-0.979817029727	0.599193593492
0.553791590685	-0.179607748445
0.958243460902	0.49462872587
-0.148327183932	0.585804844597
0.209805540707	0.156845175092
-0.0610699238334	-0.189105099043
0.673353152265	0.80582931997
0.732058706244	-0.416088725809
-0.577009214851	-0.520896408729
0.226751249734	0.999156056137
0.862476280624	0.0875935546493
-0.734162270457	-0.0927800449253
0.291816722098	0.074938313505
0.583238198953	0.187303256937
-0.0880180476056	-0.225837811532
-0.287658833239	-0.140370088381
0.264753250079	-0.92557044838
-0.264102139294	-0.0851987561883
-0.0999117676462	-0.641565004943
0.613580388522	0.927843967114
0.985764648768	-0.497294713643
-0.97242750856	-0.688369790797
-0.973628659922	0.0635401092986
0.573678622521	-0.57290985913
-0.259520273872	-0.793788558656
-0.237129261617	0.799139055218
-0.403673126824	0.986082062967
0.121023975618	0.0385809295863
-0.88171850467	0.346383091542
-0.484231915587	0.255047163221
0.369574313131	-0.84680924521
0.830809766387	0.479769507981
-0.18847399637	0.563854331546
0.0408974083703	-0.286256548002
-0.637732864914	0.325896255263
0.124857452526	-0.348990284895
-0.100736941204	-0.709417005094
0.339097392451	-0.837839116598
-0.985230523354	0.43308499219
0.0274006232131	0.130855827954
0.952561406179	0.0104685773654
0.802857208405	-0.839007380848
-0.343084914715	0.068939597048
0.859558761573	-0.559189040336
-0.197873362392	0.140002793267
-0.618935851236	-0.751595615968
-0.831260894671	0.934283049081
0.294183912187	0.763160429204
0.283855497125	-0.324687590564
-0.882722364206	-0.833268502812
0.0740788908862	0.757311446924
-0.41322239138	0.983424996881
0.300217076373	0.61771309374
0.9820219576	0.251895080152
0.883107654419	0.859632887687
0.629673780886	-0.892071334229
-0.503616422284	0.749708865181
0.468716822418	-0.962181121386
-0.659918167018	-0.905630568148
0.615972066645	-0.758931248742
0.878668077578	-0.490889500726
0.834997599165	0.37563677905
-0.433371490364	-0.950310151808
-0.0204274298803	0.486220793521
0.0770275173364	-0.441054225051
