0.116870885843	-0.873604480934
0.404001912759	0.700308512181
0.0821291928594	-0.821492300987
-0.980101665872	-0.828092169628
0.144303268048	-0.927593060648
-0.193196867765	0.48006749362
-0.428384103005	-0.250637441858
0.513650341726	0.0138933682289
-0.121980390675	-0.451865358927
0.615213926017	-0.936067392554
0.222561477145	-0.0852191048062
0.186298198651	0.690669673592
-0.342852705412	-0.869488650747
0.425899325687	0.432233338342
0.456611673926	0.274788546888
-0.234938117613	-0.654835763753
0.54850957706	-0.546743684604
-0.132972359178	0.335364882006
-0.198299459482	0.75902688324
0.287777818722	0.396122562668
-0.611358901233	-0.150946146527
0.914157546945	-0.184585562091
-0.106252767004	-0.571127925373
-0.286600439781	-0.72498023205
0.164307636313	0.495771809179
0.3183757242	0.262014749908
-0.0872664876066	-0.770892228035
0.0938686348914	0.219022598205
0.805570543424	-0.425361501248
-0.393506110126	0.0178829636626
-0.309442617711	0.169788440804
-0.892817950938	-0.302933528949
0.865855683977	-0.170099751275
0.382943274134	0.0175902795263
-0.773930622802	-0.728021621126
-0.818259000329	-0.40855346649
0.777045447297	0.048581168175
0.756674241835	0.828524709272
-0.330554369836	0.655671839522
-0.615203177113	-0.175191012602
0.085917930522	-0.658892148014
0.959314916443	0.192839901054
0.68597949111	0.0980212564143
0.187247421468	0.760468901007
-0.389490698164	0.0987468366193
0.918227933422	-0.31071684312
0.532570137429	-0.0983229873478
0.346218853435	0.357750318118
-0.844255001983	-0.448445591311
0.117761998343	-0.50532106302
-0.279012065677	0.827395017248
-0.655288373363	-0.777625277512
-0.204144733807	0.800194056231
-0.74240711017	-0.11391931775
0.61359586586	-0.714960506546
0.98589123252	-0.494817301371
0.859658211045	0.0845574636451
0.565621890554	-0.169847002123
0.668936762149	-0.861970099854
0.146379968132	-0.61740755729
-0.0268283827637	-0.50759500348
-0.156577269247	-0.13934910578
0.227644698546	-0.102005829314
0.838123651438	-0.194591369715
-0.0320213387628	-0.553235151367
0.462460297942	0.838876767687
0.263660003914	-0.973922139874
-0.712009231181	-0.285076539342
0.159548384733	-0.578969797899
-0.746653725347	0.790176757039
0.87901578174	-0.258847412621
0.530527417796	-0.775356465968
0.0128155757205	0.834100672756
0.592823452486	0.413503921228
0.268546194937	-0.298140493233
-0.144735764623	0.430359445252
-0.885420952272	0.699215034413
0.579038418981	0.23010154306
-0.464368145717	0.0364193427405
-0.614322157412	0.177638904642
0.268903577948	-0.267688223974
0.49936382856	0.492604057183
-0.339096054901	-0.567835355969
-0.728966836571	0.705803066867
-0.121606692232	0.452629446183
-0.883079026424	-0.650357202022
0.904800161304	0.545831524923
-0.95051421036	0.25798251425
-0.14529477811	0.116392118984
0.497712268627	0.586652011651
-0.202349774054	0.210233569782
-0.253984625112	0.498523187792
0.0589017448508	0.829064192007
-0.545988789316	-0.0287769715479
-0.25169773853	-0.158581925759
0.0747976813419	0.680364158762
-0.155905479072	0.702452118624
-0.359943284605	-0.726999123566
0.664464754022	-0.961348105979
0.977283178659	-0.709731872168
