-0.709574958646	0.652928599122
-0.241055335965	-0.581872324201
-0.525251527817	-0.724006807641
-0.565715452449	0.211809039806
0.700633821809	-0.461151106249
-0.0294923502504	-0.591693883368
-0.34276024287	-0.733669951154
-0.72196668954	-0.244092146972
-0.59592308855	0.17954737372
0.67310304296	-0.28011876132
0.683216859879	0.704518143523
0.602836261858	0.970914948794
0.922679821946	0.152251403038
0.290381101272	-0.242432890206
-0.238640636723	0.0331277454354
0.152239280808	0.0599357723642
-0.693118812336	0.325562026797
0.907896542024	-0.258400675907
0.764922439689	-0.469591489347
-0.600209550953	-0.890058695249
0.04969221148	0.580713436741
-0.616141372745	0.620252381042
-0.830355215536	-0.950982340683
0.259283556236	0.318190669461
-0.494611610579	0.147020652117
-0.545108928835	-0.144730587542
0.517318249222	0.756890320422
0.987194351903	-0.961964386912
-0.0891052884816	-0.801437616992
0.401246561886	0.837355700254
0.503806909807	0.463783700641
0.297688722492	0.0486349391728
0.963760017378	0.53413136026
0.714097281047	-0.318376426189
0.352063132996	-0.61913820473
-0.990554583217	0.168569243074
-0.560998826077	0.808132139512
-0.276340903907	-0.648957488313
-0.620918302704	0.933876093384
0.335151290025	0.297802921588
0.304421764945	0.294838720482
-0.295171087042	-0.534455980005
0.0653844078912	0.696737391306
0.697679614139	0.948552666079
-0.878593220369	-0.149991433013
-0.296350814361	-0.537847824869
-0.896816447107	0.216873626755
0.649022913873	-0.629212931584
0.0765905895617	-0.395890628069
-0.590348900045	-0.511780245661
0.0138902504336	0.104631958404
-0.474322080832	0.49084909713
-0.963801746362	-0.67496991439
-0.395825042118	-0.399971082288
0.274858718506	-0.19029200833
0.735475605859	0.359123047303
-0.836015454249	-0.253772327679
0.0955532369661	0.00146576965644
0.669516178852	-0.17517665865
0.104742446762	0.685048662027
-0.680014442694	-0.71719504195
0.0662967187071	-0.660041871497
0.360038384356	0.209370198073
-0.340264653715	0.884396355668
0.371753071211	0.588128327266
-0.728435844265	-0.963280695945
-0.305224460422	-0.0743019796902
0.843058278736	-0.39556017281
-0.793394381873	0.496202960073
-0.67280896118	-0.204881028169
0.990130036768	0.400684021131
-0.101793103163	-0.762070647063
0.807847045543	-0.895884828713
-0.373844057462	-0.374936313129
-0.182795356983	0.618901818023
-0.0104345538926	-0.5740133256
-0.459155629767	0.333852568381
0.318548341568	0.623127270907
0.535189955217	0.767221030847
0.473770659494	-0.321784687569
-0.785984655842	-0.176941063517
-0.523171695649	0.752568652718
-0.970822902381	0.206129699014
-0.179915243832	0.192578692853
0.542975399027	0.859554027221
-0.416480691331	-0.888081044099
0.10985523152	-0.615357174365
0.10552548164	0.0234593751362
-0.672519503188	0.343665814694
0.166615877729	-0.567411722217
0.0167660733722	-0.250583635147
0.730526029513	0.443334386556
-0.559336930169	0.606349435361
0.671994746902	0.980416057881
-0.930285263539	-0.177041532561
-0.138880370908	0.852399772999
-0.318322545306	0.47737612858
0.729009908937	0.148573214815
0.838424647719	0.650629932179
-0.94212149948	-0.367372613478
