0.186423526041	0.397887563975
-0.387926674406	-0.37105293719
0.914201275252	-0.824475095615
-0.27330881375	0.968373424878
-0.250594012187	-0.795283838824
0.381613000027	-0.424587227602
0.811644119936	0.940502449256
0.0041931710223	-0.0447452775034
0.0546391702936	-0.774552912523
-0.316043370563	0.825207246627
-0.349341373462	0.773904874995
-0.328131439609	-0.386000582398
-0.801001004624	0.272691998312
0.8384214273	0.00823537036307
-0.928325350732	0.551070181164
-0.245200278476	-0.723298792619
-0.430620143759	0.769590522882
-0.0334454551929	-0.606528847321
0.217145691292	-0.0955053747439
-0.59960815191	0.542066858092
0.326866690357	0.092500869235
-0.811421494661	0.0861672584134
0.963886797869	0.079193513991
-0.873813064126	-0.347569621158
-0.643711666256	-0.393265800537
-0.830625405937	-0.597435314543
0.24521825031	-0.224206964628
0.131254353039	0.865982456952
0.177199367833	-0.668023817973
0.641318616892	0.510253248526
-0.608405977182	0.215429119321
-0.0170287597802	-0.524039387394
0.137459693432	0.470904614733
0.631432712886	-0.654653584221
-0.299884852469	0.274111544147
0.624880789057	-0.304258524207
-0.0828033250586	0.987937857287
0.236255114039	0.289808602562
-0.653668256641	0.615246265567
0.650784363354	0.898180780414
0.498091839764	-0.204887522156
-0.053014270505	-0.609826947214
0.793262210256	0.737654858416
-0.182717007538	-0.422051636369
0.656588976932	-0.200196787456
-0.61086437052	-0.621119598968
0.325233788335	0.55790145672
0.944874983067	-0.709166969753
0.980253363175	-0.191762015461
-0.319360463795	0.918978859436
-0.694011005447	0.921792944847
0.752749788953	-0.716924012166
0.78283492075	0.928110959857
-0.305922777846	0.47177407689
0.756701545297	0.570322303524
-0.395366474918	-0.389477603987
0.0301010257	-0.687723432532
0.227216266993	0.106446745888
0.766690109868	0.0563149119317
0.173481485061	-0.390111561277
0.107296125335	-0.315062517355
0.229466694011	-0.498599838295
0.893013119704	0.311373792439
0.770432664937	0.314876338161
-0.884237975499	-0.538095077535
0.546130989865	-0.648415239706
-0.0382427857532	-0.50414700211
0.532995290657	-0.230686725975
0.987042890232	-0.0230057840715
-0.372131518056	0.385111313463
0.514992640607	0.0991907454053
-0.263048028224	-0.58676916719
-0.152211277145	0.827940889155
0.369596481361	-0.532123591502
0.801502177559	0.872691739395
-0.325097705669	-0.0495407462398
-0.524714509287	-0.742257957232
-0.984427886258	-0.23579417427
-0.435868036909	0.639465769623
-0.722100649108	-0.543131139555
0.442843007042	-0.666348998369
-0.328252889719	-0.312993279577
-0.734008381564	0.240247221722
-0.531383277269	0.404948823696
-0.124105890501	-0.40105289038
0.5334296033	-0.645067916258
-0.597168722093	-0.831103404153
0.11711127239	-0.816030940132
0.136842034613	-0.00682948974888
-0.2869842908	-0.380612580014
-0.890658335109	-0.716259470816
0.798211080332	-0.344285031948
-0.543059791042	0.612598697457
-0.490700398635	-0.125169835461
0.43111919589	-0.957006665969
-0.83021023304	-0.173501306499
-0.803612433326	-0.491078460663
-0.557575494319	-0.966710069935
-0.85710157019	-0.524559906631
0.823725509463	-0.986919610384
