0.0432578118074	0.587274453336
-0.859300366561	0.559642431959
-0.521410706059	-0.786937554076
0.907300908431	-0.548259567866
0.00573468671069	-0.31557823759
-0.364561004546	-0.0578608047563
-0.979675328623	0.411087873868
0.075696378811	-0.435257313499
0.445162528715	0.739442820663
-0.277907388666	0.157538649741
-0.495101194807	0.844072002346
0.773747966153	-0.289332233414
-0.130101537646	-0.799551896112
0.646364780597	0.617082428698
0.91661350161	-0.95133114436
-0.209374692961	-0.651371046816
-0.0667709105043	-0.583655497021
0.605847709094	0.953138987058
-0.930684753856	0.94547248685
0.500245818046	0.407125127994
-0.284577311219	0.287896290192
-0.550217927817	0.256534969104
-0.334632890715	0.407234874813
0.806449487238	-0.820573403604
0.405435656681	0.928013476195
0.326727630625	-0.336831758049
0.398035997605	-0.445603053909
0.840978884284	0.0157903977982
-0.629131825968	0.469228364039
0.286975989908	0.0339953755296
-0.567885790622	0.273998875958
-0.48605622552	-0.97296247627
-0.342269618069	0.603195575815
0.313731000172	-0.376472862348
-0.884261263933	0.952954643422
0.898515606448	-0.313835637124
-0.890807021731	0.647365224406
-0.811518736687	0.837122459861
0.259043317491	-0.655784549281
0.665519012996	0.0780384232066
0.0302863920354	0.614202449485
0.815782453619	0.718702539294
0.783558750073	0.682888149719
-0.113809424472	0.350435389135
0.727627522877	0.0964132242582
-0.772382220704	0.651665359981
-0.878874961243	-0.0236664809321
0.454703203574	-0.645471458297
-0.790843781453	0.588892369293
-0.27758078088	0.0117238876576
-0.661080464602	0.646817085138
0.897469688016	0.147529223976
-0.679698322033	0.0787521830954
-0.868638338184	0.0602267394599
0.448625636211	-0.490306329954
0.256146953592	0.638122036697
-0.0271129217413	-0.766155669045
0.869275525461	-0.267054955246
0.0182410464637	0.213356815582
-0.724880517181	0.615231046957
-0.939007092961	-0.689903042805
0.926105245883	-0.0537820322879
-0.031617964092	-0.440941272388
-0.870733079335	-0.497405122711
-0.141038736224	0.264769780749
0.503333324847	0.519239834429
-0.308265956891	-0.688232161809
0.21551628049	0.908675924563
-0.593869905315	-0.942816324595
-0.87352799665	-0.369181516632
0.540498168752	0.528376892549
0.837234555928	-0.979595879501
-0.230472620454	-0.858936699284
0.6998773005	0.921085868437
0.763160782114	-0.355965927468
0.566438022663	0.401898813127
-0.917465913304	0.911773729829
-0.922352148259	-0.582270066217
0.419377420068	0.337979907596
-0.918993629992	0.853664745812
0.978466081686	-0.110717487667
-0.576389680774	0.948375900978
0.504677972778	-0.383406646665
0.5105434424	-0.332259398229
0.809727958052	0.130009163247
0.0873875432601	-0.96623270977
-0.224900745067	0.158331053932
0.904892167471	0.912404351435
0.902787905867	0.467265092723
-0.758255589003	0.903629426713
0.767833021343	0.149115128248
0.796003755045	-0.0794133194085
-0.358074492348	0.845284732531
0.047777316268	0.643953143258
-0.320807919829	0.235139404231
0.442872091956	-0.3554227191
-0.989772482148	-0.00365633718179
0.0870699481154	-0.272119012641
0.966415981429	0.81668264706
-0.785949295184	0.0684032915358
