-0.181435590271	0.710765736432
0.647690881126	-0.0257996063484
-0.0899786410076	0.963424586137
0.0595549207922	-0.75491570941
-0.750306161151	-0.178761209404
0.937288081658	-0.4658999999
0.568238387502	-0.458069371354
-0.130667427946	-0.256800054856
0.0161457214391	-0.136969640965
-0.3404480951	-0.102752364562
-0.540135778216	0.777526788208
0.0414639428487	0.73182527064
-0.626442588913	0.186585932634
-0.0694642784652	-0.141774048069
-0.706814453181	0.0878350780556
0.511830537502	-0.962391954604
-0.0564274216277	-0.131387731546
0.725699071786	-0.892610659192
0.926398809129	0.141640787186
0.653734888074	0.427215883359
0.0429870104568	0.543980161755
0.402130373582	0.0797576001019
0.204275059227	-0.71853244133
-0.41090219347	-0.273003525964
0.44232191995	-0.188052123875
-0.867942777271	0.0906333657152
0.699076381408	0.121193576595
0.883709490249	0.674881478918
-0.299397928332	0.190574235432
-0.188087300056	-0.776009400816
0.023043169569	0.154987435734
-0.848543927994	0.992003460491
0.64415602157	0.0622390397956
0.895138564066	0.728270361882
0.853972289675	0.115958135074
-0.431280230979	-0.464839180534
0.666323339152	0.564335305582
0.959125294511	-0.538083495269
-0.900616510437	-0.00141786581096
0.782734896966	0.778990175057
-0.992471937213	0.986487051136
-0.74814719949	-0.570408911835
-0.0704083234414	-0.965510440069
-0.442340834196	-0.658408571671
-0.473743364194	-0.454117874454
0.278709434905	-0.680129543171
-0.0083635988296	-0.801550913708
0.907822767597	-0.206202457422
-0.576940820507	-0.810488097198
0.144384128179	0.439064646454
0.267738332002	-0.480944019708
-0.520452323942	0.207482257295
0.605692942521	-0.539614535617
-0.362685182478	0.764388759793
0.491637751954	-0.0437258863331
-0.600629677327	0.00878318625017
-0.283977328875	0.868427810061
-0.607682239921	-0.535951861551
0.673820768244	0.0673978222024
0.648401803287	0.670224896075
-0.706064189889	0.574643738421
0.645189756758	0.999010918594
0.720948378838	0.155956458703
0.401136221084	-0.166591508326
0.236949314761	0.670170953387
0.864500177928	0.720681664225
-0.861314995177	0.170318856074
-0.61765764505	0.727221247126
0.831965195356	-0.161924333798
0.234940900529	0.954316641306
0.764030671611	-0.606011831135
0.808059328027	0.161503618625
-0.700669584082	0.188397452257
-0.351680293009	0.0175059621399
-0.139466910667	-0.484437748149
0.137187494919	-0.00483499562666
-0.865269038824	0.338341311164
0.739708743201	0.0707492298379
0.227404474958	-0.286012573218
-0.9680154775	0.258467516215
0.781507339205	0.586081157529
-0.147587993658	0.222149482633
0.217743137612	0.408880143989
-0.675101861555	-0.795071722954
0.243838001915	0.173957950789
-0.183508081318	0.529804159841
0.173364958744	-0.0442461515721
0.951821172632	-0.971208397736
-0.799756577999	0.83385112032
0.577976644463	0.405467680376
-0.266171866941	-0.399489763753
-0.61541688971	-0.350790306978
0.113243872184	0.595201361745
0.825948661559	0.0853451427389
0.896696448569	-0.595803919659
-0.967598321869	-0.984827773231
0.714622744296	-0.66307658607
0.236031609474	0.974804152645
0.52638147296	-0.995322349829
-0.129034916522	0.962877020121
