0.696362834732	-0.669887235296
0.714447987123	0.474320688933
0.623202360005	-0.386349793008
-0.714058181939	0.12708601653
0.136169057602	0.507611215929
0.608410349684	-0.424145861772
-0.70049765854	0.298398407089
-0.39066396319	-0.411616531823
-0.768920260458	-0.438630964284
-0.105543633385	0.258347000817
0.389200187692	-0.737421905251
-0.553174078083	-0.113156991664
-0.0333340728353	-0.0466125121555
-0.620785437013	-0.789299097652
0.309123010069	0.332464571049
0.85890084866	0.788445585327
-0.0290688867729	0.398262815321
-0.177172724047	-0.172611798561
0.535360576501	0.91741575473
-0.58210454087	-0.172969811363
0.864003983932	-0.693427774433
-0.390195425076	0.956170559987
0.283520099228	0.10716233568
-0.265570161095	0.697830452806
-0.92855768878	-0.698030843596
0.501476583765	0.899711640798
-0.759976003733	-0.690918697984
-0.0341572326113	-0.159266598866
-0.945659657195	-0.630180076628
0.288094030166	-0.37123023841
0.664126650412	0.415656922406
-0.365918490796	0.68631358728
0.151534163112	-0.889916740498
0.694536933438	-0.135994232887
0.406614375744	-0.253809460218
-0.907089252086	0.157083619208
0.206346432298	-0.522421712348
-0.264843186379	0.313597701771
-0.083983896179	-0.562212514187
-0.335102391561	0.610531785847
-0.228767893789	0.220134340386
-0.433063384536	0.415323255458
0.0189692463644	0.475976027106
0.241838728079	-0.972544860403
-0.473682476709	0.389162555842
0.63459089956	0.152806002181
-0.738450954942	-0.605867730556
-0.243382364442	0.90144100404
-0.250034168058	0.481299083377
-0.497029958358	0.237051028959
0.164778106	-0.513156856435
-0.132167289821	-0.320552597382
0.87160414132	0.921691970132
0.465756849043	-0.650729067197
-0.138900103116	-0.62080292857
-0.598416597835	0.570152860779
0.127389710042	0.701769038986
-0.619059364681	-0.711340359216
-0.301078890381	-0.562261225577
0.498401891317	0.872971295474
0.0689024631304	-0.932773762967
-0.427291015533	0.00758066384465
0.534042844653	-0.619086566311
-0.058917209554	0.998929095424
0.927505985905	0.863086736432
-0.0258733456107	-0.739525219392
0.745368449993	-0.780035525004
-0.72806889279	-0.651699329845
0.229750188023	-0.5292815349
0.532342789548	0.337804743095
0.399962089179	0.200547926917
0.0162555467291	-0.607881138949
-0.8749176341	-0.796358342907
-0.284681715859	-0.792485519132
0.588965473054	-0.162338704536
0.275573193737	0.0132760069434
-0.425685914498	-0.833555450704
0.915611048584	0.875225950555
-0.960517382197	0.0998188077194
0.0574853005333	0.396465565073
-0.632004599739	-0.737624525321
-0.529806825149	-0.0892790395268
0.812755965999	-0.921377800005
0.995406221087	0.667553595045
0.409733876299	0.596227157019
-0.933976115697	-0.777783678089
0.857301896439	-0.888886569469
-0.963674058498	0.339809930087
0.214239160994	-0.230240066191
-0.732208166828	0.0205858431297
0.774705809316	-0.52042865433
0.0655415675446	-0.540867075508
-0.310584676542	0.72033394207
-0.259146206267	-0.932192456845
0.665026657476	0.461490652586
-0.107045515219	-0.000855405733345
0.762903632728	0.88964818435
-0.2302906711	0.747009364807
-0.273031780606	0.531338672656
0.872803374691	0.285833132948
