0.429408274095	-0.695894314981
-0.42486534596	-0.581393475314
-0.581836103786	-0.348092439805
-0.991009144569	-0.0671693659115
-0.841676423946	0.457417070733
0.495526389069	0.057214314762
0.957610016359	0.20340630833
0.601367033264	0.992694529887
0.999445321948	0.657206059718
0.239045959462	0.0854674842495
-0.501019460871	0.325117588888
-0.685711561218	-0.692804262804
0.156452820044	0.246946302562
-0.230388210414	0.932557273404
0.442501441876	0.317882512551
0.453821866806	-0.296073818177
0.47901404499	0.706759641948
-0.496834610212	-0.00492091068134
-0.500053553633	0.736264741466
0.130903640264	-0.544928156149
0.723598281431	-0.463187001023
0.646968567821	-0.332216622442
-0.313552867977	0.65481082148
0.0250189489584	0.106903210742
-0.170589254013	0.572937290389
0.632466762087	0.387696105526
-0.679847206433	-0.56583799781
-0.318004521224	-0.87712318317
0.866688794874	0.542549136092
0.368745468323	0.506799261934
0.160107762027	0.931987644468
0.626575549345	-0.537784754982
0.410288210833	0.585442141915
0.364543157724	-0.392016501072
-0.483906698273	0.406026041748
-0.0790752748244	0.454771728064
-0.153856900844	0.871254640483
-0.589234396118	-0.126383946413
-0.594916548604	-0.219789251685
-0.996062258962	0.856049243538
0.732788803903	0.39400626884
0.412546964524	-0.694700756882
-0.652609992427	-0.637131684143
-0.436739179024	0.708893974002
0.971648538813	-0.762125595309
-0.904972588203	0.543783389901
0.925196104605	0.78476197168
-0.83191664057	0.432843148334
0.935770267362	0.557086516185
-0.717347215312	0.186832247084
-0.511971291961	-0.0667166882362
0.0448526504728	0.763452257788
-0.526110147234	0.266769882005
-0.489758598397	-0.868375352838
-0.153905739316	0.947273338673
0.630751492058	0.917719834143
0.238023302523	0.441251802499
0.270547617618	0.256780794358
-0.276611019531	-0.343866931421
-0.317034649865	-0.618034246506
0.24321132831	0.274727082205
0.273930029534	-0.479137391265
0.366616130378	0.969581086589
-0.0631016396482	0.211137015768
0.946505617227	-0.821786462102
-0.324994575481	-0.345469782662
-0.0311093188161	0.689318642958
0.121178818103	-0.213802301419
0.808946358909	0.0761709768532
0.488438054095	0.0301276055645
0.804063227975	-0.774200137302
0.563090001135	0.245625058477
0.574118172487	-0.818245170742
-0.521095122211	-0.654840642036
0.0669686038993	0.744706844191
0.297908903399	0.827987472839
-0.723677143733	0.573310844729
-0.378995340634	-0.215659819659
-0.355983613906	-0.891215283744
-0.869086394008	0.0834731464145
0.0118226583813	-0.749775549777
0.600067960151	0.210778032675
0.929675670567	0.25308554341
-0.66787474104	-0.832689416277
0.745305699074	0.682020547733
0.0520882413069	-0.768786733197
-0.864584315112	0.787478356284
0.854050043052	-0.950644440456
-0.197910873396	0.599666618648
-0.227882145942	0.716412000279
-0.370772091692	-0.529350583933
0.788162903674	-0.292477003231
0.739486888763	-0.609093962187
0.833809173722	0.304684358523
-0.653287083977	-0.27579148608
-0.842672113812	0.904465241483
-0.823770207865	0.391179045914
-0.828246934866	-0.178850444237
0.341077370234	0.114530510474
0.413429433535	0.0382272080274
