-0.048864855234	0.8901984593
0.864114560424	0.912291797081
0.588740934224	-0.75946883011
-0.15576310442	-0.440505790274
-0.734287879478	-0.975698566721
-0.0660404072544	-0.49594165345
-0.308303019048	-0.71747086623
0.529898654901	-0.405184298028
-0.497893495387	0.0303903214851
0.0673500282175	-0.113660683716
-0.00658027402782	0.999910299918
0.879283258133	-0.581531663262
0.0346756309594	-0.725955027637
-0.908515364359	0.959167593843
-0.560624768355	-0.399616981042
0.230501189851	-0.82997125723
0.516198588889	0.625131092873
0.539540995276	-0.237082386251
0.2296913603	0.874708566441
0.627225347354	-0.453997651877
0.360995690101	-0.999613497766
0.73967123991	-0.680808881595
0.990374124183	0.659917027109
0.627822218251	-0.903206310488
-0.903740877825	-0.692119462506
0.844372323205	0.227173898942
0.92042702031	-0.931496427666
0.929532163321	0.8969676878
0.522654112934	-0.555883029686
0.538719884634	-0.46600878254
-0.0580800788606	0.416766065774
-0.966098664811	-0.586864062102
-0.412910710973	-0.277287487585
-0.299444228529	0.35480136173
0.356393952398	-0.719237483122
0.5429008175	0.423630776209
-0.109097962979	0.849532101659
-0.750954517276	-0.375460985539
0.419549255348	-0.788588326874
0.116471857488	-0.879449118886
0.754318268276	-0.288458627592
0.867230665223	0.749320150653
-0.970334817865	-0.380135523157
0.76488665956	0.109387726373
0.487421539157	0.361190084966
-0.64348752026	-0.0489399559042
-0.708570292538	-0.421175939254
-0.143275957102	0.0930959432934
-0.453132006866	-0.336610256347
0.445227954818	-0.974828499683
-0.390435857667	0.049979904877
-0.339997383944	0.638682831514
0.369192548555	-0.141938790826
-0.500310037491	-0.804684057766
0.019620647302	0.0101071150603
-0.924838046996	-0.764225408162
0.500057367317	-0.515130829174
0.958214336056	0.464525922546
0.871054415351	0.682583909311
-0.270690112361	-0.258886164204
0.700089312257	0.793715169527
-0.90284168924	-0.491743280129
0.186147390288	0.480027985421
-0.33265195956	0.244369342849
-0.08876007624	-0.56171267799
-0.870281498488	-0.887689437698
-0.5332256719	0.738387803593
0.188079123888	0.640028535474
-0.716459556893	-0.928232136006
-0.793973407726	0.851701933553
-0.624631279648	0.700000254606
-0.421032954626	0.398396520313
-0.78896285692	0.546983573592
-0.722776155508	-0.468239944602
-0.761498304105	-0.581786044786
-0.942274366009	0.17471981454
0.141533655349	-0.439356088306
-0.651590910931	-0.808910405776
-0.165019407169	-0.669534290542
-0.909167128732	-0.820181484253
0.747780882669	0.891011758678
0.880548133836	0.962834897368
-0.605031401174	0.543494322747
-0.680213378606	-0.611733874809
-0.16237581788	-0.587053904426
-0.319934994603	0.625356713803
-0.939910979696	-0.592257638617
0.451410494757	-0.196435211079
0.603775002405	0.401258531596
0.429480900418	-0.398556841033
0.903227179639	-0.808013006954
0.345295406254	-0.689648239293
-0.00850293749735	-0.201457918446
-0.540264469534	0.15513223815
-0.812233132729	0.126228917673
-0.793862685381	-0.483603756739
0.747431644472	0.963319294501
0.234604470467	0.29753630024
-0.352458203071	-0.366504268337
-0.2586449835	0.274555502191
