-0.259771050742	-0.984476330148
-0.613814821629	-0.649745900801
0.103665973788	0.394143069155
0.887537842769	-0.986573996571
-0.495078397781	0.988743819065
0.388531488373	0.141515855888
0.881990022146	-0.169472355112
0.268753073512	0.372424354869
0.111810151849	0.0176504995558
0.902021391006	0.887895631878
-0.212301248083	0.601467551502
0.343449283715	-0.636184738897
0.753813986883	0.914990820309
-0.937427391872	-0.367373594855
0.227061731107	-0.21440030397
0.924593051898	-0.634120645091
-0.0919965403978	-0.656537186495
0.869497266384	0.0650440279819
0.716952096538	0.466284603678
0.492603802274	-0.524690444969
0.461878369584	0.608731925244
0.790407988244	0.499920782879
0.0150495514886	-0.257423182503
-0.51502504378	-0.481291207657
0.435440414176	-0.851498866199
0.574147503021	0.472578703021
0.753628408709	-0.463598216314
-0.0467945168933	0.095320671898
0.922976748539	0.537300022639
-0.260654470369	-0.262668264369
0.321310075719	-0.223797085044
0.662692395371	-0.0479153628373
-0.990622787052	0.952577677848
-0.0422060289441	-0.180927051196
-0.788902854097	0.76755641333
0.968846843341	-0.22404572714
-0.5959073299	0.169865044441
0.772005580725	0.996999615295
0.728273929653	-0.1385625839
-0.847932437293	-0.0147320855392
-0.431300948739	-0.650231014922
-0.849260387941	-0.601128701733
-0.298869191423	-0.0919579815037
0.825425191619	0.315440939851
-0.626003321501	0.484465634049
0.940116724677	-0.526133527138
-0.382002078205	0.0431720387261
-0.393029939482	0.493258889134
-0.761641302172	-0.661487471519
0.947968986351	-0.492545086952
0.840986909082	-0.916558535692
-0.0116017935921	0.811023165901
0.483604619194	-0.916545858996
-0.957048607372	-0.0320125530503
0.11494253395	-0.289295890178
-0.691031495581	0.813249720496
0.987999521549	0.890776340173
0.36123632913	-0.96449675206
-0.276427388757	-0.230584615659
-0.827354879172	0.217898698615
0.464809669843	-0.578136589855
-0.501534623954	-0.217635477456
0.753963993161	-0.597645452439
-0.366033505994	0.938599484557
-0.726106302338	-0.52259828035
0.791612013674	-0.797631576961
0.373431879002	-0.845574222537
0.221536219551	-0.503790255288
-0.642510939583	0.303347069379
-0.875524456872	-0.44685416175
0.882765882794	-0.890424687347
-0.491514738443	0.38899938989
0.331311516772	-0.299415048917
-0.132610232517	0.0225339005465
0.774078488434	0.724162907337
0.333394686624	0.197513965094
-0.0881231603125	0.890415753682
-0.298882772733	-0.465459336062
-0.168941829237	-0.157379849201
-0.893254441277	0.980781439235
0.408488242155	0.08762920172
0.409419643829	0.689241620123
0.25245514768	-0.244744759098
0.444158294627	-0.794039626147
0.632827734465	-0.570053964638
-0.0832284909862	0.787769343458
-0.679620103358	-0.698754384155
0.870733276139	0.710605098661
0.0891506178997	0.428841864706
-0.675477002108	-0.76284052399
0.123628151922	-0.442699380151
0.571299841485	-0.447800279626
-0.129316480421	0.526992599513
0.48251831911	0.784416322222
-0.913228881638	-0.684596992341
-0.706893635906	-0.843699182616
-0.502785949348	0.414885580661
-0.414021752339	-0.690374218438
0.95033296907	-0.220371711779
0.734895286816	0.573445619432
