-0.520963915522	0.18483910642
-0.218110723695	0.990866052047
-0.508842512995	-0.808000501624
-0.650673684733	-0.0645662807527
0.620582835639	0.221674243841
0.726035938466	0.719735036105
-0.164797421855	0.990856875255
0.863695075661	0.321075692664
0.680098430818	-0.607540090978
-0.432681944559	-0.905314776145
0.749214956111	-0.517665175683
-0.967985808228	0.963332402582
-0.824319906954	-0.765360042682
-0.112317450248	0.792121178541
0.253399589944	0.100215199372
0.798839991378	0.549214014124
0.609124750507	0.733124401682
0.200953402156	0.463305253002
0.926467548024	-0.325701243196
0.44936126892	0.735637411009
0.0713650121572	0.775724217282
-0.640665539187	0.190992710798
0.0852520203453	-0.699744569473
0.761135445015	-0.890347494403
-0.456639808599	-0.581119188795
0.125226520141	0.130468792516
0.565525965511	0.386133465612
-0.978967782755	-0.289180881472
0.52580251593	0.69319670929
0.697168785525	0.566907482863
0.687932321941	-0.406731771535
0.623883749983	-0.430744351462
-0.308737242075	-0.0214228508762
0.221426372968	0.78663105655
-0.242895109565	0.349500309833
0.234451313248	0.784217801862
-0.368516887492	0.041492002894
0.571389738855	0.555222776177
0.0665874228052	-0.668551861368
0.798706928188	0.879266791456
-0.822590049733	-0.517548138638
-0.821343669729	0.0555200671797
-0.911457521221	0.484896761428
0.334001715137	-0.232756570003
0.956334826347	-0.392287249047
-0.802428473641	-0.145040518949
-0.15979239716	-0.841507273643
-0.721197233683	-0.118773422701
-0.680216747253	0.783166692099
0.0956087862887	-0.32215577915
-0.760396738377	0.840649936277
-0.426334756717	0.861785044588
0.525370698896	0.31189757649
-0.569613279727	0.389531561771
0.630376745348	0.0646501073015
0.561469708662	-0.917709624797
-0.992203706075	-0.771667983527
-0.987313300575	-0.0799158607213
0.691963015178	0.237573211778
0.390374457662	0.179192280348
-0.385716166759	-0.425634300245
-0.315818484834	-0.69016488087
-0.480164558242	-0.355458941097
-0.334021095018	0.128736558768
0.952794928317	-0.32785067832
-0.0425460527475	0.665499093039
0.911010690801	0.551376655383
0.147402148133	0.534263098764
0.0381919561307	-0.957343621872
-0.501561906848	-0.748341051767
-0.163461258884	0.664583524768
-0.256765131315	-0.435682330403
0.0350340775562	-0.657280130758
0.748805621952	0.442950063603
-0.960420824231	-0.287921610963
-0.69515067344	-0.794198668927
-0.274454397776	-0.148998936197
0.518677946374	0.693637291604
-0.481333058919	-0.595215406794
0.309814222203	0.120772158579
-0.972395485328	-0.45096977019
0.852257999909	-0.165223911864
-0.0652892131074	-0.0895316783626
-0.683751274495	0.141300790713
-0.780017246011	0.527395123171
-0.106725759722	-0.0454445301917
-0.569707013338	0.118308389751
-0.577613380961	0.514162989499
-0.685247990452	-0.335304134846
0.66234876746	0.999593913212
0.895837362432	0.236957107486
0.988304443724	0.321389192742
0.861393585693	0.566620633019
-0.225080176673	0.723265926406
-0.506681601277	0.529043208033
-0.566967774997	-0.233373186574
-0.360827046547	-0.570028020004
0.815694968555	0.338354652881
0.65681066496	0.958171014645
0.181452572772	0.86637187762
