-0.72172693736	-0.285520219312
-0.83659873155	0.551812567637
0.821220291948	-0.466115650201
0.34040493999	-0.520649864597
0.466580407677	-0.415041071823
-0.865419442745	0.246092592886
-0.996334930451	0.737157121391
0.352012503163	-0.891634566184
-0.199680055376	0.0792062956455
-0.479183110216	-0.235876882
-0.038383859794	0.863836645646
-0.290046501335	0.618898191389
0.333647853619	-0.758492215479
0.373831106143	-0.192065690081
-0.849130033949	-0.984284962289
0.148521649406	-0.682483148758
0.0440512547764	-0.803541875744
0.491593958986	0.15898311173
-0.381769377018	-0.673960046538
0.0425896242133	-0.0188436318749
-0.820678391141	0.254011208777
-0.479766706492	0.669016877963
0.867167166608	0.492368873429
0.986011767758	0.545638179935
0.387648017728	0.237988800876
0.760865564584	-0.628572823561
0.419030723132	-0.991927279512
0.528391686309	-0.286831858931
-0.0171164973037	0.126490490684
0.823966588171	-0.496849092389
0.127219921784	-0.812111955699
-0.791263193497	-0.533454447544
-0.550664667642	0.445495792051
0.750274110101	-0.061170479425
-0.439273328307	-0.252273152126
0.796516208237	-0.952993065401
0.602186950826	-0.657991459028
-0.0190914421274	0.168403882024
-0.427513268946	0.828421378495
0.970400977189	-0.177460493886
-0.705177658194	-0.372612216221
0.625023191098	0.0062196780933
-0.0418227983591	-0.175808163308
-0.283972631436	-0.652477903444
0.918100260135	0.47895438134
-0.47037404638	0.544553277055
0.118234526455	0.892610727522
-0.273772151038	-0.572120126582
-0.259073880886	0.0202482488415
0.611124506785	0.115815141834
-0.313058953895	0.883523761062
-0.333303092569	-0.62460864548
0.404732897478	0.960414468468
0.452304858579	0.786845298192
-0.60027569987	0.762170217484
-0.0482631820833	-0.584347585996
0.120456738546	0.722960235579
0.273802528589	-0.0875489524086
-0.730671364797	-0.0904083852333
-0.524934318725	-0.0885798593346
0.625016259091	-0.201974291188
-0.628735914001	-0.583383478565
-0.713175109415	-0.608650507334
0.277000435941	-0.676037290134
0.818366904613	-0.210635027774
-0.796198750833	-0.503269996557
0.426225473792	0.078348621014
-0.648856894034	0.784476788182
-0.448096112361	0.156891998175
-0.561214837042	-0.987633940487
-0.57033238676	0.865391694513
0.310981594742	0.424874240161
0.838999893572	-0.19144966276
0.00985793891945	0.0964340181524
0.0432000507787	-0.742226219946
0.257895852799	0.258144642419
-0.036429917759	-0.301790646282
-0.0840009541948	-0.913959586358
0.860004354329	0.220469283066
-0.998692431473	-0.175500433836
-0.964888334507	0.199405034918
-0.615319628072	-0.529336255044
-0.720170179649	0.388357991239
0.887825839191	-0.118920003747
0.557155093658	0.172262987742
0.875431384616	-0.912051652852
0.458442040516	-0.166423510926
0.342891507474	0.552069389214
-0.34011163265	-0.482023379468
-0.629163546912	-0.545445442032
0.635771047769	0.594573398503
-0.63178750613	-0.769575878495
-0.18418072662	0.748761853304
0.690153287578	0.69772598786
-0.521441840589	-0.544394163509
0.9671331257	0.0291707499646
-0.183006494165	0.284143675111
-0.476320398985	-0.0085424041653
-0.335054019581	0.546291511019
0.383530921526	0.544235864467
