-0.667651675474	0.820531472941
-0.513891143837	-0.846754434701
0.708485374874	0.485958226353
-0.384973041843	-0.408311040868
-0.230988419052	-0.50893093353
0.723221404405	0.107752273331
0.574572973426	0.788292068406
0.684923649496	-0.118129530344
0.361656837228	-0.921693242058
0.591938227889	0.751492691078
0.642578436021	-0.722578122012
0.584024188826	0.688207890828
-0.357365407719	0.366275024307
-0.124142711701	0.974914770016
0.272480885384	-0.0593749238006
0.346676402965	-0.0635041347727
-0.207989939327	-0.577103625021
0.27627851586	0.189049925832
0.229749480306	0.242174368088
0.17303525019	-0.756471011675
0.0316344355673	-0.495952836185
0.846909025583	-0.531217679503
-0.0530935380882	-0.899504620503
0.274145306979	0.731407649453
0.116997028627	0.0986743812479
0.938148189707	0.780959354662
-0.852022871271	0.665085001858
0.542621944301	0.166344276659
0.0485204217453	0.0107188478814
0.373264607579	-0.463338615488
-0.762802909453	-0.219425863136
-0.142399518497	-0.847638777303
0.0432237866258	0.842440567725
0.67944102652	-0.830083077065
-0.572657824632	0.434794582779
-0.591082446916	-0.665083523642
-0.307408957522	-0.921504615729
0.695450825704	0.63248519157
0.0480368124399	0.122119669167
-0.117381188623	-0.457501735003
-0.859515073281	0.764586423364
-0.944277847265	-0.306444164187
0.0117628932023	0.2880469019
-0.976009643554	-0.289752189045
-0.601354071111	-0.629692502012
-0.430436877018	-0.415323764724
-0.528386914691	-0.863127521863
-0.230285169966	0.679008660141
0.182016840726	0.116478878667
-0.732322072047	-0.703902800938
0.223042259407	-0.159261192496
-0.897746497481	0.135279112134
-0.0319375032928	-0.112930490661
-0.736476465032	0.873956263224
0.337779934741	-0.917841470924
0.206141278888	-0.991162028031
-0.477821832963	0.280422466397
0.40761385093	-0.0845783600438
-0.488421960001	0.240467084462
0.935781327272	0.919554741152
0.921030416959	-0.439090354332
-0.141229234613	0.250752556917
-0.594597168728	0.369105552824
-0.771574553833	-0.377684551055
-0.419799629637	-0.38602186024
0.977182668779	0.634377694409
0.442996848126	0.204384643005
-0.015873285154	0.201300061161
0.787364435422	0.28221739348
-0.483833089686	0.284318986146
-0.999551712082	0.866465592529
0.118120676405	-0.811595655179
-0.392792215773	-0.801052432637
-0.413605667122	-0.337506133086
-0.999165143875	-0.32924080649
0.605667924185	0.605889141356
0.552003295399	0.935317322076
0.919533260283	-0.365104894004
0.36561851604	-0.13382689024
0.954992084164	-0.92849069543
0.997703010886	-0.196518855692
0.826983068415	-0.00811765308758
0.370883291028	0.0650563131895
0.24939798075	0.450215135062
-0.335997143528	-0.614394406511
-0.529694477227	-0.706337739045
-0.210425402287	0.36513160002
-0.277721323276	0.605467172156
-0.446346296423	0.865053010527
0.541399329962	-0.139776591819
-0.491236415367	-0.80166227009
0.19412394211	-0.701418428514
0.90624446187	-0.432993833296
-0.0199988931514	0.879506178314
-0.496689177332	0.324370903874
-0.379636284394	0.219717254111
-0.600781533404	0.878910261011
-0.309554041199	-0.420092962467
0.25979781677	-0.964400877788
0.375332032392	0.832455518993
