-0.0495485094647	-0.748544961662
-0.447639401351	-0.789810518746
0.830837975722	-0.0790227488086
-0.560430353585	0.386416138917
0.579451350163	0.057834795879
0.994545172793	0.523291693143
-0.358680540462	0.745071924364
-0.0502879304478	0.673086747836
0.519022193999	0.366349621275
-0.526467046668	-0.592016773887
0.989522657391	-0.222238580456
0.550941625124	0.208045680471
0.336918747558	-0.706105016834
-0.497415509025	0.827697379977
-0.0434546048075	-0.801837302992
-0.273050985183	-0.122705466018
-0.436145006361	0.117607790266
0.699239010447	0.48889488853
-0.00170470466068	0.254712388508
0.443723573139	-0.652340018346
-0.31693976802	0.993734208727
0.878956620893	0.0448127573417
-0.580353293839	-0.00912586388436
-0.138364307231	-0.282473606175
0.238164774011	-0.881363264679
0.24875537335	-0.784622291365
-0.46177462474	0.217423876033
0.675131560665	0.762053812046
0.868651613886	0.877389721729
-0.77113975427	-0.860824242559
-0.543477033714	-0.247435312134
-0.237517428829	-0.819158164424
0.427092596524	-0.803545389301
0.338057131499	0.959342100467
0.646435342886	-0.53564358806
0.318923664596	-0.00253085938106
-0.572511468863	0.355247011588
0.438809290204	-0.136598694918
-0.749772407024	0.207082898268
0.832709877203	0.221619458246
-0.429806870521	0.913803436793
-0.31536426883	0.184279384596
0.719436168918	0.60354508242
-0.0321347857937	0.904399694977
0.0213887480237	0.484980806401
-0.879863454688	0.431266565301
-0.398717661606	0.560883056581
-0.24882937092	0.665646052553
-0.599752187064	0.619135495317
0.144150214309	-0.0832704333172
0.339083046817	-0.441008331397
0.170577236962	0.3740734642
0.0894156844049	-0.474579906456
-0.687621275963	0.497812416591
0.129946398801	0.959016009833
0.92064788443	0.000883963021567
-0.45787289822	0.594324444959
0.939109162417	-0.802580757664
-0.142878397502	0.166754561786
0.297727202938	-0.448280962684
-0.131016022004	-0.476826027522
-0.767108545354	0.268773023771
-0.371756904242	-0.324800733333
-0.628951946634	-0.311895362762
-0.555933088211	-0.170230780451
-0.160851880664	0.323305693185
-0.740090330851	-0.0364483233688
-0.373368846741	-0.750248292504
0.671256719926	0.169088252338
0.389042764978	-0.659942789812
0.285865758361	-0.0267306123619
0.914042542367	0.48897203988
-0.510701307132	0.605370438097
-0.178602484179	0.909099315903
0.582125691611	0.677125993206
-0.00541364817358	0.388497586623
-0.137917873493	0.482674649588
-0.908444500003	-0.668643687206
-0.107021754187	0.728788293488
0.410032885944	0.210059545922
0.839022694624	-0.436319680166
-0.874882439843	0.0262291765899
-0.153844302964	-0.360520494077
-0.320817245342	-0.24178207591
-0.169176278161	-0.121035728491
-0.776664092229	-0.642044292377
0.0614095131947	-0.336555620485
-0.550313410939	0.721906913634
-0.671356297743	-0.504544693682
-0.0999979265113	0.499183493864
-0.372777212412	-0.177273695066
-0.644518150419	0.294544015039
-0.684850292817	0.897436102908
-0.813158564136	0.947197676632
-0.695708266726	0.409140181684
-0.597467616652	-0.89594850918
0.838611483349	0.0470150744927
0.338751475695	0.973065246008
0.787369631416	-0.505398683701
0.85049682562	-0.118899708088
