0.748275754386	0.490007938235
-0.077885125881	0.316496696112
0.348079187256	-0.4444112761
0.71324000937	-0.784010457922
-0.730602510754	0.482203985874
0.0547361110345	-0.989512739687
-0.435425087442	-0.086039071958
0.898916769869	-0.668696825363
-0.108679102023	-0.446608084782
-0.156700199328	-0.481419084233
0.464312490028	0.0633366595241
0.497363053526	0.180742320739
-0.189420182737	0.333981509651
-0.254620422096	-0.357799235619
-0.566934972951	-0.939505405624
0.505767747539	-0.37957177719
-0.753958603066	0.346072895556
-0.46965526955	0.331860677846
0.694859610222	-0.0890114312259
-0.341317177525	0.502197670309
-0.671094264308	0.0162311758059
0.327249180209	0.612948512229
-0.857151310876	0.50457891204
-0.770464369203	0.444210207895
0.793152411015	0.140622997083
0.551376204867	-0.828814554389
-0.150524390024	0.253670641272
0.266428702559	0.946341368803
-0.383475197431	0.500732650704
0.900048065081	-0.875566290183
0.0839465284715	-0.308302787686
0.608787561972	-0.198249982521
-0.618743129022	0.25700519555
-0.335808686456	0.795221505232
0.790104041758	0.612155635508
-0.533132686834	-0.233002912392
-0.694747711367	0.692262555762
-0.926047520976	-0.52033028385
-0.230105250449	0.770009006061
0.912460877191	0.684236935769
0.124850974721	-0.411989279378
-0.911810562808	-0.122914872401
-0.455731480162	0.605107375131
0.183152237751	0.572088003561
0.346510848138	0.101706472909
0.70182458464	-0.155538979129
0.857221363461	0.804053697625
0.963949225156	0.991487843288
0.180380446755	0.683154378294
0.165662656134	0.10255627002
0.803486963315	0.654719097875
0.860511414967	0.894160104139
0.857419893206	-0.667110833023
0.205480343692	0.744088137383
0.124788172788	0.516189888118
0.419048597765	0.519960475166
0.921097059928	-0.209785372472
-0.614824214239	-0.631809586442
0.490055638031	0.460221532553
-0.893186682973	0.620067239738
0.296456207486	0.102074723206
-0.16360597559	-0.678566444352
-0.874409501077	0.729830156507
-0.859481651342	0.0785873512691
-0.0268601006315	-0.337422774174
-0.825078203944	-0.030433173721
-0.87689104837	0.533463109375
0.691195514879	-0.973484471776
-0.795690264327	-0.967500133582
0.317410937775	0.228790343775
-0.830995036345	0.0753872708772
0.581330342366	0.881825455064
0.15519825365	0.793509567026
0.457016599327	-0.782041506289
-0.509209403452	0.250758098821
0.195646693777	0.48137984807
0.5459039062	0.531544812257
-0.347244886928	-0.950795625368
-0.694495465088	-0.786967201738
-0.618311276407	-0.810008710445
-0.307902219659	-0.501707852606
0.797564238525	0.235756225481
-0.162416733314	0.541070755554
0.913402261447	0.694059182882
-0.120192700208	-0.422591209759
-0.378345711768	-0.0466285133367
0.894873890236	-0.652063610668
0.459997941412	-0.187792498189
0.520346734449	-0.669308198361
-0.678878747335	-0.574719539539
0.0198579553678	0.295331144211
0.838727204227	0.334350294207
-0.07281940541	-0.640998828349
0.48664709539	-0.116034655646
-0.791254142971	0.826433361112
0.496859891475	-0.379337854081
-0.728269231315	-0.779332254369
-0.129496132383	-0.469646584362
-0.961181198931	0.864290365863
-0.904581135629	0.402325693185
