0.503341232941	0.214860489888
0.532818840369	-0.329283220808
-0.283077591378	0.631008399118
0.933627214	-0.904986181226
0.530605368906	-0.0192343153914
-0.342904258098	0.281973887176
0.336172959728	-0.588470268552
0.839365786149	-0.916838454784
0.2881941554	0.470505203877
-0.207604386645	-0.275519200624
0.393506166261	-0.0666921779339
0.676885601707	-0.63988957863
0.177159241464	0.913788577944
0.536367812467	-0.561758249745
-0.612005154297	0.465146145203
0.153411600943	0.886492073221
-0.588802299083	0.620884717815
-0.843986997008	0.333265829648
0.982201568436	0.592518623101
0.199573189058	0.272574340498
0.628112827866	-0.629576378419
-0.523962129927	-0.581459971835
-0.791365972658	-0.957076029027
0.661613965132	0.214537560884
-0.641009432137	0.405610873423
0.838349586426	-0.642327046932
0.814550145463	0.835537969175
0.838356734386	-0.463031093961
0.704168921977	-0.192769170514
-0.519829956305	0.854393417335
-0.346114199295	-0.412565454057
-0.62058688463	-0.569457988309
-0.278580184267	-0.533947692403
-0.355883422143	-0.952352594102
0.506523293076	-0.344916798811
0.0436753401857	-0.0899815485959
0.156075064365	-0.855990542668
-0.68064242937	0.679044971427
0.275576695053	-0.434155326761
0.0768871855767	-0.379685513052
-0.549241996976	0.201722775589
-0.0457131676266	0.694732493427
-0.554074659497	0.56055053398
0.91856800109	-0.513528748468
0.0764922993004	-0.549637016711
0.0808821057079	-0.937177604028
0.665468490686	-0.791496362612
-0.0301522329492	-0.300059912775
0.674656670703	0.393175790719
-0.35478063331	0.544383749896
0.519622222499	0.27320279764
0.0352946328748	-0.681682679369
0.654805002355	-0.738731010288
0.409930541322	0.0196410854592
-0.144153515829	0.108006647192
0.168445852943	-0.440246930506
0.565563968051	0.513510184366
0.625247345175	0.531552068571
0.447941828039	-0.290254772804
-0.2648094607	-0.299942007698
0.449653070837	-0.737257976071
-0.395161101853	-0.0627048160605
0.458758516396	-0.54310164287
0.554172732662	-0.204633979002
0.677132258704	-0.575217819836
-0.313914685912	-0.949179090021
-0.351593087218	0.804377847532
-0.958903318277	-0.242566861896
-0.824736820436	0.963777610117
0.819343325524	-0.219053411298
-0.666522683731	0.596811922613
-0.401010993332	0.428429383841
-0.613276070886	0.697033700086
-0.936096332049	-0.119084476188
0.751335625424	0.417764934528
-0.0750079348336	-0.847717095646
-0.757909518112	0.114851095272
-0.215012932563	0.311886975876
-0.268143620573	0.479146516259
0.0365814696416	-0.762595043201
-0.640655572399	0.315538795552
0.554066776123	-0.686419813046
0.761382052918	0.936125464999
-0.770754316304	0.017376690004
-0.779480823856	-0.419216265654
-0.438955555943	-0.140795384562
-0.667025412596	0.404466938211
0.863297501406	-0.946980649512
0.0875200900343	0.378378073741
0.93751783245	-0.407042555758
0.615904681824	-0.801468648062
0.934284020501	-0.960919526079
0.0138751832446	-0.127476243038
0.155786852858	-0.579767665377
0.342968471006	0.355823663664
-0.435371768365	0.120566776331
0.240419844864	0.410533848912
0.0413059214388	-0.826308817588
-0.813684343701	0.951804345345
0.23803705007	-0.356408013132
