-0.296869126447	0.514370523532
-0.180286094884	0.560506363615
0.849407239337	0.774889791524
-0.681272506838	0.377367748985
0.821739381601	-0.0178438309829
-0.993984932026	0.678989932872
0.888509085235	-0.357198181521
-0.0222178916945	0.539220461931
0.0647694869215	-0.844628326426
-0.904779183822	-0.027155643068
-0.236097403868	0.714989054687
0.149716592569	-0.379761521988
0.9810775843	-0.498115753833
0.0295524908443	0.123565799016
-0.394310844256	-0.291068637894
0.732875335209	0.184634182031
0.66738221918	0.0588285644521
0.85364084224	-0.435046785528
-0.679259993356	-0.968263181849
0.204772124919	0.186376996401
-0.34690787878	-0.0273435324385
0.859139223307	0.847475644751
-0.803517886532	0.138645924801
-0.0677012827195	0.128870174758
-0.597552423882	0.313855556147
-0.720097683066	-0.447752592367
-0.48019788544	0.239284168066
0.29553169686	-0.543074286936
0.898662229278	0.334533801421
-0.624097421836	-0.378587562509
0.84936129199	-0.641304400415
0.359727484733	0.870520824844
-0.162887911881	0.229409880943
0.686379525317	-0.899413301487
0.105894574373	-0.754319293946
-0.538131280468	0.215870901657
0.107104953907	-0.443864360216
-0.482136504975	-0.72061891049
0.984692286703	0.552528378957
0.482801343981	-0.567066633009
0.76204260957	0.152189500624
0.498619458759	0.681078955956
0.0593022023586	-0.429705503791
0.440351534396	-0.65253633139
0.366095519789	0.491624876229
0.381551168515	0.787258013234
0.0430418523977	-0.773235660755
0.669679344846	0.51723420661
0.808256068443	0.231252445869
-0.720660987386	0.825542309216
-0.0601121544423	0.516458082586
-0.141905684659	0.878924619217
0.839881640808	0.28808172501
0.836278979814	-0.487088147276
0.772602709512	0.9978638509
-0.656165407637	-0.949737530267
-0.865958090593	-0.325791259293
0.373949210169	-0.112687583374
0.461369155205	-0.381535865252
-0.780528099022	-0.0114210351786
0.387633635598	0.804550829797
-0.352830116686	0.032225631002
0.976797206472	-0.293843432595
-0.163101901329	-0.596796839681
-0.310068286783	-0.733033799897
-0.663277845967	0.315164759187
-0.0378477273096	-0.409128793299
-0.708865834719	-0.61126961654
0.657388246138	0.0350120532061
0.711860340223	-0.0488325608626
0.0635916647716	-0.611556164352
-0.836857598791	-0.146749979946
-0.115642508815	-0.579079877966
0.648947112644	0.0933063271463
0.585384089376	0.504730990695
-0.97282766086	0.0446692280516
0.860182259917	0.342654449952
0.27395784021	-0.00540876281025
0.817110954033	0.232461919947
-0.337232602135	0.338275457284
0.324166790083	-0.617326413418
-0.957651513727	0.0640327351132
0.346986310686	0.810757783137
-0.539799295479	0.155336714902
-0.995884440242	-0.200533587516
0.529275720176	0.822966532606
0.393038082124	0.530020228517
0.432131615162	-0.30141556006
-0.505181998314	-0.240655288659
-0.635029190932	0.385805455169
0.0962635495407	0.607363217438
-0.497165479254	0.642321688435
-0.60484158489	-0.275575698788
0.00821100961115	-0.490160567445
-0.953212302878	-0.844257744743
0.556668078477	0.0237680250937
-0.631461037552	-0.377453770573
-0.229969064125	0.922766496053
-0.571727374996	0.54686181734
-0.482691104711	-0.860310839862
