0.00621780069115	-0.0029467748325
0.67561269489	0.228855036293
-0.224294448951	0.257646054469
0.986056874504	0.572705602389
-0.0861596662906	0.904977448837
-0.835236538782	0.80758141293
-0.926741693232	-0.580850407651
-0.163456611966	0.0259414387565
-0.0528849570938	-0.299895510123
0.507251997735	0.679101494589
-0.68846281389	-0.816536884152
-0.331981892261	-0.835458419738
-0.202947601821	0.5803702236
-0.70820070915	-0.0226007862017
-0.456171290045	0.403737730871
0.521639289564	-0.765140630231
0.811808006534	0.402815801024
-0.596296431773	-0.757713877087
-0.741253434058	-0.998352110888
-0.994099081717	-0.577868891036
-0.428792895484	-0.818451585332
-0.283506950367	0.401770043074
0.807562081177	-0.654177078468
-0.801678046276	-0.0366197534647
-0.431996788581	-0.916014431014
0.639675905456	0.444240267805
-0.679612178897	-0.283311793032
-0.480346680419	0.822101951927
0.692980339551	0.379905928214
-0.233609731939	0.624179908337
-0.810010885276	0.10797480604
-0.35048679846	0.134740262521
-0.78002993781	-0.762872181076
-0.0366371327679	-0.7647428659
0.76468210966	0.652273228209
-0.969368550621	-0.891708439872
-0.0161756898598	0.66317640676
0.367822263457	0.627251679655
0.857723055492	-0.453272513725
0.333698979015	-0.70691615361
-0.895553681375	0.460982808861
-0.229853750552	-0.033449794552
-0.424737321586	0.121269045064
-0.250369146425	0.58130748347
0.309564491201	-0.425054627437
-0.277897091794	0.822876860891
0.486200820335	0.860387448677
-0.838770604821	0.554298865776
-0.661620366281	0.814318665281
0.876977775002	0.670664287275
-0.366738263644	-0.111934053519
-0.448666600148	-0.849110232052
0.880470974182	0.794366724403
0.33466996846	-0.651355563181
0.984222092282	-0.254121524333
-0.0759772620608	-0.0439663855286
-0.0012039547576	0.130096254843
0.472004006839	0.140306773321
-0.908966293351	0.992239215679
0.324191741494	-0.687954792248
0.243856215443	-0.782352927615
0.515038646202	-0.829839056565
-0.853165826788	-0.720130380068
0.369728089879	0.66200800081
0.776182853451	-0.725905136059
0.174737640512	-0.402635083493
-0.963416795357	0.919620846114
-0.044909438236	0.0237622717511
0.612309260963	0.982282983585
0.49131552443	-0.816897359082
0.219535182281	-0.416331756702
-0.667623948246	-0.757424740194
-0.674837315511	0.831079610174
-0.493880330345	-0.944272714175
0.609162499251	-0.713073046869
0.925808659067	-0.875206695761
0.328000512822	0.329977674759
-0.0549712900297	0.313084774288
0.76373674022	-0.8987151275
-0.82129927377	0.674422955097
0.275022511668	0.42844773439
0.430811766607	-0.580468047162
-0.145413656356	0.166363925736
-0.661082912359	-0.0605774521176
0.38439167962	-0.756335183943
-0.884179588642	0.239068532961
-0.148392250933	0.878638921428
0.828710337697	0.670038981335
0.898572235745	-0.677653388959
0.877713345207	-0.42234730065
0.013188371558	-0.330989536168
0.672316575135	-0.754182618447
-0.856807531644	-0.642594816234
-0.720190475724	0.852396968292
0.505398444642	-0.187111946889
0.130906079021	0.651769341409
-0.330743458912	-0.352158643063
0.945208826084	-0.493255091902
0.807448511967	0.764270861309
0.287678124752	0.195284370484
