0.260552170778	0.729562220221
-0.814430152465	0.854163018142
0.359070777127	0.113831083242
0.885069932602	0.219485637202
-0.913565338025	0.653502669879
-0.100359831913	-0.881556361056
-0.208059899972	-0.551850551168
-0.036144812804	-0.435219443669
-0.256105289265	0.741860013853
0.29383815536	0.494833585189
0.413550130422	0.227952974804
-0.986343107048	0.410517762673
-0.0991048402865	0.870638938
0.328094434605	0.298778081258
-0.392222697365	0.777676697987
0.0464590830419	0.964982124846
-0.0956358894815	0.724480643459
0.853865670723	0.555201317034
-0.860193161694	-0.879000987279
0.82526348204	-0.978717513375
0.23338022388	0.293093519425
-0.361060612709	0.323325501712
0.912741381367	0.0601429296095
-0.377294412657	-0.781354112323
-0.988306001628	-0.869416718975
0.323729529615	-0.472366484424
0.0153964709161	-0.38778281464
0.616268059828	-0.760705454045
-0.132263316258	-0.703928936765
-0.940764866572	-0.390643456811
0.802930302434	0.267262495935
0.588724283171	-0.376644920449
-0.433861980288	0.099229786644
-0.0760930753016	0.51387145877
-0.334221112492	0.35474508641
0.17565263222	0.0903447500357
-0.869020081262	-0.416021174656
-0.169177317141	-0.0945267372592
-0.20880098142	-0.624947249851
-0.615062525138	0.982862320129
-0.104856366993	0.80188622302
0.369130038723	0.793685931975
-0.855818196744	0.584839844025
0.341417523126	-0.380042538505
-0.67562393531	-0.65551939969
-0.770288745212	0.219119740354
-0.76892826048	0.260207881687
-0.888890722213	-0.74007111828
-0.553503889145	-0.445778288882
0.308216888054	0.126360387004
0.965415304659	0.129657766611
0.699163464854	-0.502688297491
0.293281293868	-0.838985857171
0.0456545583597	0.45537216845
-0.449887052303	-0.53658407838
-0.514406478906	0.183631945791
-0.359502342774	0.990465489473
-0.136614799994	-0.892754854329
0.351640182207	0.543703744398
0.738286768138	-0.690600545325
0.663827722368	-0.044962875031
0.397253289228	-0.0348405258438
0.747992945919	-0.770885934547
0.299701570444	-0.143312627315
0.451381995598	-0.394604180334
-0.402919733717	-0.29815169462
0.806023226787	0.863304662369
0.888307276958	0.189509900062
0.376174148452	0.294581305597
-0.801784726795	-0.171300623602
-0.558552090227	0.50148607036
-0.841433266073	-0.310023293228
-0.982356926805	0.840570074944
-0.622391173559	0.848618025329
-0.334011056679	0.407406614761
0.235616949729	-0.583465032217
-0.0735772072271	0.463884954162
-0.0850173895189	0.652963139744
-0.734280405581	-0.733548576317
0.233124131497	0.967342769098
0.0209783646832	-0.83544717527
0.414412565242	-0.138514539714
-0.970387209384	-0.552010205937
0.952906551542	-0.231289435365
0.00295396686838	0.351395910001
0.0963551298357	-0.408967021935
0.94147287818	0.278428873886
-0.859201202843	0.466443570366
0.866027023722	0.985076399196
-0.601518946635	0.000968569870902
-0.935697084074	0.113874452592
0.145276450574	0.993098075541
-0.72276967617	0.724492448009
-0.444965808046	0.0144058832009
-0.92299433764	-0.289594667345
-0.101138579646	0.00614929114964
0.223463117015	-0.226344246923
0.396291510903	0.108507713683
-0.881336060297	0.71999185527
-0.905957911752	-0.332238222774
