0.618018053082	0.922448015814
-0.834558237758	0.595980465163
-0.751853760071	0.68444690148
0.703144064679	-0.23778480742
-0.678490877011	-0.701154415962
-0.169423790044	0.512580339733
0.449064943441	0.876041970413
-0.320572477343	-0.375600779087
-0.817412208877	-0.95666199572
0.41502930527	-0.240991967861
-0.106539022913	-0.585266436781
0.244712710028	0.160322307835
0.470808677262	-0.432066828022
-0.119064354505	0.0957309776677
0.170890559927	0.919680116047
0.2724089291	0.0554993358739
0.666905555702	0.318834585093
0.421261482258	-0.773997314701
0.510707442016	0.109748948962
0.00949695122357	0.920316114354
0.622884517556	-0.850186810176
0.125589220725	0.964236430036
-0.858442166744	0.419186624647
-0.235493762407	-0.738016416866
-0.209069611791	-0.962051296735
-0.288245924157	0.616831023353
-0.832292807907	-0.267586233377
0.767486881092	-0.677134608964
-0.815770185685	-0.114432365561
-0.380589150035	-0.655138328806
0.237736845851	-0.462693269219
-0.84197077059	-0.206379984182
-0.898631658224	0.542782914428
-0.364138834379	0.194819061218
0.165355653924	0.994734530908
0.837998950124	-0.381722530279
0.470149997273	-0.622258163349
-0.846109286885	0.758169434034
0.473486632083	0.00567879971587
-0.0746394259251	-0.906935750533
-0.377341829251	-0.796357078434
0.111490580902	0.258482315841
-0.644749432951	0.764808098759
0.0267483474903	-0.592032763124
-0.161629765569	-0.93411744137
0.841412223566	-0.232566099418
0.224266088399	-0.331380256276
-0.217971935529	0.892286825979
0.16609638078	0.362580289213
-0.992399239418	-0.0468587856534
0.548577470896	-0.965603971996
-0.818699788015	-0.029243082726
-0.212824156507	-0.207174323316
-0.414365493612	0.892927314024
-0.455735623009	0.565598316532
-0.984631638281	-0.277086361097
-0.775873141703	0.968419352029
0.0858070915393	-0.0586280312426
0.888573057803	-0.115925724396
0.48255810694	0.430290256578
0.56616102774	-0.588571145386
0.151550719442	0.1624429078
0.631189563586	0.595994761306
-0.224462737008	-0.683645493282
0.321088310824	-0.158143170258
0.900338243552	0.160927168833
-0.792570406518	-0.139066353932
-0.572049329583	0.230344739155
-0.701914450058	0.480922774052
-0.968988818487	0.475659956868
0.3699038044	-0.636042401465
0.597253849896	0.90317884222
0.0363245673241	-0.963696614724
-0.222275398261	0.734433184788
-0.470349351476	0.108080081843
0.374336151385	-0.113483909432
-0.52061718597	-0.390766446528
-0.274862374021	0.548825062987
-0.653206259144	-0.288513128789
0.465038618153	-0.257090270887
-0.456164386911	0.273201051296
-0.10279572928	-0.143602854597
-0.706725300339	0.514351405501
0.48283215573	0.778599645361
0.364939688485	-0.521935382384
0.293441270017	0.881022278517
0.172971144586	0.167121230304
0.279926543514	-0.825885024858
-0.0828088613459	-0.710322232425
0.198722560962	0.436684451183
0.0609848577762	0.703321040387
0.252842566424	-0.798380367413
-0.214524179203	-0.265930710971
-0.626424861826	-0.0327590590243
0.914492745304	-0.151135993503
-0.780938274807	0.0937751315613
0.174825032246	0.950336026039
0.583811644819	-0.900713073698
-0.227979315149	-0.702709225311
-0.52637211385	0.277453872895
