0.572161976785	0.0785598636416
0.831262110586	-0.273159777386
0.11001022275	-0.120423603313
-0.150261663235	-0.349914194871
0.716699611241	0.18849685388
-0.0962910346467	-0.0195539572668
-0.294653362703	-0.834336184164
-0.0785594813732	0.358460937534
-0.364185003159	0.686897148789
0.881927737009	-0.543211172475
-0.231344934599	0.0815505250674
-0.107728154283	-0.77880362596
-0.60219485077	0.791135190731
0.590874166472	-0.958480098468
-0.288394803492	0.132455745466
0.22225929473	-0.47885330927
-0.848759482897	0.75762467186
-0.0503552760977	0.440585304652
-0.180244389621	-0.828100837284
-0.55845556113	0.347391309106
-0.127713145148	0.00133107974844
-0.414611057535	0.89662066823
0.822216146405	-0.306019806115
0.625963723041	-0.242451722671
-0.332464829753	0.589544255279
-0.715735374962	-0.50580045986
-0.66314877014	0.0751249920474
-0.890058930539	0.0391864433357
-0.752897240352	-0.631963323208
0.874217801926	0.11898281251
-0.698701297184	0.0513232770935
0.328366785959	-0.372713019889
0.790451079962	-0.317742077932
-0.361762490507	-0.361364151887
0.573184377248	-0.821774252345
-0.673957128933	-0.45527470473
-0.171347063858	0.681536168614
0.288956997889	0.512785946643
-0.592136644354	0.255522676225
0.076954180013	-0.813654594545
-0.495248623671	0.227721053982
-0.697804356128	-0.720232394517
0.926388000942	-0.9737877133
0.827468906132	-0.0364939297808
-0.763454022143	-0.852641560028
0.971649526393	-0.94747321348
0.808986118825	0.997777169532
-0.847668048971	-0.429820277503
0.763326714792	0.547348426185
-0.0298930001845	0.328092878142
0.239469338584	-0.503473149399
0.789147373919	-0.962214380043
0.460939751005	-0.377601425455
0.299477508459	-0.813675909182
0.384587372003	-0.647624696787
0.341340074304	-0.715149777756
0.568886614894	-0.659278690528
0.951889573367	-0.410681175521
0.739772642599	0.597304732448
-0.899153058358	-0.250969924807
-0.0126546877714	0.126413340217
0.834930058895	-0.956414933677
0.10110819178	0.814454516871
-0.575261138536	0.10883711153
0.899882424035	-0.541099708029
0.34449488734	-0.861614222296
-0.499909108022	0.468670184321
0.46991635155	0.906215064739
-0.473963357032	0.237166176613
0.557237663658	0.911052648754
-0.315651183106	0.555634404666
-0.0283130295952	-0.476915004127
-0.694604428433	-0.370558622342
0.681827343174	0.425386846672
0.346022685513	-0.29405357743
-0.958578482171	0.663858092268
0.0199936442042	0.730030000169
0.887341601997	0.112055583231
0.740865657361	-0.214881717375
0.693199489555	-0.0972552341616
-0.916117989679	-0.825256561464
-0.0767367078383	-0.638181821155
0.510776603074	-0.509339550966
-0.573870487698	-0.925777147571
-0.909852165291	0.10027920031
-0.987420986621	-0.626122724973
-0.12243253466	0.634038685549
-0.62723275746	-0.291511627534
-0.542693160699	-0.909387226549
0.10707901667	-0.187426778563
0.298054839202	-0.242307299096
0.071835375874	0.174685483419
0.117188119278	0.322867847571
-0.0433577773703	-0.92731258399
0.0553291445434	-0.340703256615
0.531758892434	0.393121903684
-0.0402258904109	-0.837924704858
-0.662432025936	0.684306403969
-0.997855741118	-0.608143639056
-0.707807209127	0.881083061168
