-0.170064898743	0.135525218585
0.540547907042	-0.183759065578
-0.873667169511	0.410530196431
-0.786581504749	0.606057533342
-0.0457057119089	-0.153084839859
0.35457191852	-0.515644501556
0.849011357599	0.682210160285
-0.437177200927	0.584979900094
-0.939856206951	0.725735005337
0.629941016924	-0.106873761735
-0.29065254887	0.751974210666
0.967429868477	0.219634405524
0.47441124167	-0.546565393404
-0.301840582985	-0.598808846575
-0.595449072079	-0.792876094263
-0.229902278935	-0.760460621409
-0.0302465437993	0.930160494197
-0.976064118776	0.565740833563
-0.818404307929	0.463435596185
0.82153749984	0.482812551908
0.335366950569	-0.0312695482028
-0.0775557686573	-0.372313754064
-0.469445038257	-0.346361132565
0.632440718487	0.202054208232
0.4481969328	0.169359269554
-0.24327246323	0.661387502457
-0.855496584271	-0.649532196311
-0.28991415331	0.568631515683
0.75999224518	-0.199098744022
-0.754914359358	-0.921813004704
0.981809375426	-0.212793090564
0.71865833149	-0.717351878537
0.571581076992	-0.91050781653
-0.442721145445	-0.0459244046248
0.279815857202	-0.252180409068
0.482174362629	0.586735299154
0.0354358588317	0.468079038154
0.661733042669	-0.918360234453
0.851283494704	-0.420119959591
0.441612885816	-0.241384145974
-0.610651172218	0.633951642657
0.882264401746	0.436197178558
-0.916755690164	0.913138788795
-0.767855926032	0.360626493753
-0.037235772535	0.943289910757
-0.127521427604	0.482896112857
-0.258404443096	0.766283440282
-0.884891452273	-0.753024229231
0.305769511029	0.870057713749
-0.628231135687	0.0242564355267
0.794148634156	0.459793951528
-0.154075385564	0.920083372284
0.921958310324	-0.387706907667
-0.794397766671	0.380524509009
0.132146681767	-0.966136349673
-0.207101755994	-0.430104219135
-0.990714351406	-0.465263701158
-0.59030191802	0.09447788828
-0.319684340324	0.98512121679
0.39422004471	0.359962808243
-0.052412101945	-0.262423415057
0.357268709066	0.838426956953
0.0282284974688	0.294474264956
0.883936786418	-0.73418152818
0.939386544437	0.0777508838122
-0.660345258682	-0.150357332355
0.559222467782	-0.206432660755
0.996752480248	0.688438343526
-0.98287959694	-0.171222414722
0.173416069893	0.0800297983331
0.991867637128	0.856231615641
-0.282848522949	0.679976652348
-0.410898571932	0.308308731778
-0.783634849551	0.0372396919997
0.827014669412	-0.0875734278026
-0.583807285077	-0.185373700885
-0.911987441936	0.328380616374
-0.15868426249	0.404913455007
-0.924362906032	0.449610904734
0.426893606111	-0.635562835246
0.747149927095	-0.922866868508
-0.406045305376	0.147153642837
0.462853627546	-0.281264453969
0.92506662079	0.681370507765
0.818905386557	0.359373626885
0.600531999689	-0.591105629165
-0.484110226822	-0.198569850641
-0.28521613337	0.670630157391
0.800206438627	-0.287993496657
-0.701757351142	0.906145451501
-0.998153727082	-0.992275037876
-0.473947027076	0.725027007268
-0.029472805851	-0.756370909146
-0.26019952341	0.960309870492
-0.370154110593	-0.877937939412
-0.978451121065	-0.478735569942
0.0361306051	-0.282211314037
0.201514206905	0.475422718527
-0.68120723461	0.180784657864
-0.225348703235	0.188868766279
