0.473435381329	0.953916853042
-0.523190895143	0.00414412124333
0.361023580552	-0.648719690358
-0.988805579816	0.70871456505
-0.361896147755	-0.613584559947
-0.912482932257	0.598042665623
0.623265305342	0.861436827134
-0.497686617256	-0.935436813914
0.878146342103	-0.672388723198
0.78508895172	-0.45991747367
-0.428309853713	0.279417948078
-0.0740371820635	0.340056707826
0.353399840084	-0.236060455329
0.45987457512	-0.293403294714
0.77310014337	0.0542424684994
0.956413347435	-0.404011066928
0.0708224245956	0.435445836279
0.632169269588	-0.384554380974
0.100429174884	-0.192125902939
-0.121381407755	-0.920973230969
-0.258419518323	0.484579640337
0.921302189475	0.548861796102
0.605295350191	0.271634947728
-0.403282477815	0.346531765322
0.215342303684	0.876585990427
0.536135606372	-0.633911785166
-0.390274531319	-0.988147075568
0.841509886647	-0.678828806771
0.889251952782	-0.611137377076
-0.969328289172	0.224802132802
0.0879311147247	0.400431903445
0.17006758005	0.752888810635
0.370839778475	-0.953268900183
0.863794342331	-0.120793037918
0.341371389747	0.848717413424
-0.0627434439391	0.432695853266
-0.0356200204826	-0.156772511616
-0.627284498499	0.95202181508
-0.0665838068754	-0.465442800257
0.351579999238	-0.189023917551
0.484288103773	0.842895852318
-0.0577649369567	0.486006759707
0.915118958626	-0.318039808108
-0.280789254769	0.187836917811
-0.660629139108	0.581273863519
0.427747463259	0.790262411184
-0.503456978765	0.784677020849
-0.310944885766	-0.180089001093
0.473619900796	-0.447535637943
-0.900167731439	0.408104790231
0.985346876809	-0.774440519625
0.564326285503	0.09796219222
0.726176062941	-0.00347025316539
0.541873472524	0.230717914951
-0.863940512717	-0.545660042619
0.248570854611	0.156299411512
0.680934749696	-0.678915126499
-0.784243900519	-0.443154429323
-0.087410525912	0.253072996783
-0.332732404014	-0.612433599478
0.372137431331	0.412461590629
0.350471578691	-0.36577545174
-0.113000475473	-0.764317490069
-0.179251987513	-0.443363033267
-0.379860713082	-0.421250964832
-0.49704132407	0.383140115461
-0.852332260218	-0.377131612544
0.168266113956	-0.608102849713
-0.242147652485	-0.201867433815
0.183896245111	0.65512425186
-0.193756234218	0.163418645118
-0.761305794032	-0.0570167504327
-0.413577635832	-0.185579501292
-0.413357434147	0.767494725086
0.525893192608	0.512436868157
-0.785367604122	0.867345823868
0.572969491812	-0.27806548524
0.942598031344	0.245581006141
-0.883355268759	-0.663394631611
-0.640256518477	0.166896014813
0.160583147927	-0.204532314903
-0.733942989351	-0.895967127602
-0.455930802939	-0.208352711761
-0.433063066929	-0.440148308398
0.090572063341	0.470195711024
-0.747564245823	0.566880824636
-0.796913587687	0.611988532794
-0.959044551657	-0.681730505351
0.614232902743	0.164139304025
-0.600219794011	-0.0651599591059
-0.760549620976	0.403461378523
0.986969125959	-0.672321068644
0.133382493189	-0.187894376961
-0.191755880928	-0.199919197636
-0.402596024963	-0.227435267298
0.332501294084	0.688965038826
0.557259706739	0.864298677222
0.899913201224	-0.621035096153
-0.490004101195	-0.937140576209
-0.910230886377	-0.875953200988
