-0.314740379448	0.667312724359
0.16579550479	0.490299117843
-0.278904491259	-0.237831901516
-0.450796712634	0.211681399724
0.0563877554723	-0.743067168486
0.944276255036	-0.515053637365
-0.42989204217	0.41281091169
0.455981383029	-0.31413051741
-0.447655692039	-0.55868659909
-0.398296687388	0.0557997870879
0.355875793816	0.754367163962
0.164071551241	0.465272236318
0.802437810032	0.834626993555
-0.313838454666	-0.255414783389
0.0553153332466	0.44880862369
-0.98356374287	0.115394798488
0.530228346274	0.273544777928
0.177476257691	-0.0460911994513
0.441489676404	-0.314320730071
0.734379069487	-0.967274275158
0.418177960846	0.948624559577
0.152483097472	0.436519485359
0.156648688774	-0.910238244741
0.24220249058	-0.901250410941
0.437014915301	-0.865038960308
0.412369793443	0.765837555212
0.731171853764	0.890980954593
0.331853667146	-0.196997964324
0.784515949812	-0.774640474796
0.575303963117	-0.024729199906
0.853980607577	-0.0678558762355
-0.363213419773	0.745709380423
-0.0528132587908	0.732875315231
0.0539160362543	-0.724879492876
0.37815557159	0.265510698811
-0.472342802318	-0.975961046491
0.650894287829	-0.950812856721
-0.00342201410393	0.545726238626
-0.174437661155	-0.0427005225128
-0.612940429284	0.921914253992
-0.790032100563	0.286672162682
0.164834086392	-0.927449544428
0.230029020842	-0.303031544007
-0.0659741349459	-0.0833229655038
0.207175184201	-0.493260339811
-0.846830260201	0.326400128685
-0.382128799226	-0.186839419122
0.941121096149	0.779699952698
-0.34148498224	-0.0230552276178
0.640602899714	0.221667616929
0.413946467294	0.349617258106
0.525464043303	0.731413185349
-0.373727593764	0.653014718465
-0.484449892634	0.939071569243
-0.974762994353	-0.829250462851
0.0990972825508	-0.0724587536616
0.251937443579	0.0851689309763
0.999086482202	0.181704294262
0.935109997339	-0.135194241583
-0.784287448498	0.60663471586
0.0702301912914	0.814700901963
-0.565406023903	0.500620692928
0.0998610757507	0.968905728479
0.452320939879	0.260150567129
0.210393241002	0.459850521927
-0.602391124745	0.482241655808
-0.692740866384	-0.549973539523
-0.415067441841	-0.662220703889
-0.616177535238	0.534415695479
-0.729530648611	-0.535796835939
0.0552403707533	-0.280865956216
0.727777051985	0.495567690629
0.189764693189	0.262005615741
0.614081857471	0.524647593509
0.256771950732	0.469123526248
-0.899269653158	0.945328256974
0.967657535062	0.494013912311
-0.502111748197	-0.707775605245
-0.247257861005	0.00845516982973
-0.717829060461	0.613608898546
-0.156707241817	-0.954045403433
-0.110224876399	-0.812139002061
0.636021463691	-0.289314755045
-0.00717929081189	0.257595395532
-0.586468976834	-0.814816364285
0.396415244665	0.0527897239556
0.410442195576	0.98260183227
-0.362582503393	-0.152152873422
-0.603038223819	0.298703244601
0.438366886423	-0.082738309275
0.295221589506	0.654778378468
0.184737178352	0.960462825293
0.375484271698	-0.990593751233
-0.477818069746	-0.614353726824
-0.65518842809	0.377722109573
0.62439349208	0.4168730833
-0.157865724612	-0.31143172659
-0.636964611962	-0.621502920533
-0.729254100212	-0.43711362969
-0.541266057424	-0.825410807298
