0.439175160338	-0.965041309042
0.702371942257	-0.736349347979
-0.445324646256	0.111781870929
-0.310470708029	0.10716601332
-0.757091056079	-0.438206059712
-0.58314160948	-0.336088822591
-0.139383799756	-0.239277094953
-0.689017510066	0.0759242248171
-0.694740919836	-0.215938850797
-0.228122209982	-0.487072069845
-0.286612787517	-0.593374829728
0.424116772906	0.974142709653
0.917348868975	-0.625772824375
-0.0935083515237	-0.99351069447
0.553939126172	-0.60782570663
0.833021427078	0.552038864509
-0.547118549244	-0.416508119375
0.69463392962	-0.0537614824596
-0.436058513469	-0.784814794348
-0.177159747903	0.160611872442
-0.516947923936	-0.966662332791
0.645888137932	-0.2839700248
-0.307893429532	0.307413324888
0.337841529551	0.381279230559
-0.967163202531	-0.704969144027
0.231007809543	-0.539994304651
-0.285338711484	0.850976416882
0.430008695205	-0.646918148633
-0.861085976686	0.841617270738
0.86142893146	0.16905108385
-0.753304680058	0.00480709194829
-0.48774961524	-0.406219308678
-0.229537133897	-0.142245583215
-0.119368554272	0.704588025336
-0.402632324485	-0.18357996612
-0.899500648678	0.466214178077
-0.833652473142	-0.0482989802189
-0.479887893694	-0.154462317252
0.819466641248	-0.494177763505
-0.274008648474	0.122459502529
-0.917380858267	0.915009084587
-0.837838101944	-0.550553844324
-0.481256803281	0.704501548098
0.511492982551	-0.787791494268
0.936022257174	-0.456758378364
-0.83307479308	0.248611815785
-0.847410318029	0.698562588818
-0.536724980228	0.12933302164
0.765114700687	0.662789842897
0.0802551528572	0.659580655825
0.943892510597	0.496345598914
0.595259628631	0.472123863524
-0.958806539105	0.720541274714
0.306895960144	-0.882422737008
0.602618373968	0.341449750813
0.384249966115	-0.386136221312
-0.930553133532	-0.533538463444
0.0420592979402	-0.112675713203
0.43603342638	0.907668279754
-0.408036338269	-0.0585126355253
0.187186007882	-0.913392859329
-0.068888351674	0.58854924017
-0.861679785381	-0.85427427398
0.872659469109	0.784049969823
-0.338067502726	-0.949418677687
-0.568952100046	0.376827743135
-0.363681992091	0.582589694851
-0.892535338186	0.816017547032
0.81119067969	0.243774972522
-0.965706339903	0.701922750066
-0.269667200001	0.579458764853
0.794294191001	-0.755303783102
0.667504561756	0.602714077104
0.504068501568	0.832851904249
-0.754998654561	0.373446480151
0.908945394708	-0.531753818418
-0.776685112863	0.070584441348
0.619737830971	-0.952080508546
-0.687314234727	-0.061924799038
-0.492988752425	-0.713915237731
-0.35693226039	0.484205113198
0.822798289384	-0.706160771997
0.742346389968	0.268424622477
0.473104474463	-0.812760570052
0.621373586404	-0.130340950744
0.545012452104	0.946208582993
-0.19366249542	0.124510264724
-0.888559965989	-0.381305521309
0.416634418196	-0.265739095893
-0.460929552442	0.225778465122
0.858834808989	-0.00335903732162
0.137688517628	-0.158059240843
-0.816538549572	-0.734289983251
0.63113794249	-0.231694469092
0.0038653956674	-0.607421653555
0.716056563576	-0.53013939478
-0.230153563331	0.842075962597
-0.985157049649	-0.371730812425
-0.400047123995	-0.284343200584
-0.103640578963	-0.42359089129
