0.298873991425	-0.30056551968
-0.745608841889	0.60250844054
0.0717541117723	-0.584814392172
0.127462334914	0.477926562799
0.0596756240731	-0.958347779097
-0.465397768633	0.374431270287
-0.4944397246	0.0473824304507
-0.19459343584	0.257435307493
-0.549605322955	0.512326422354
-0.758198690679	-0.522955659156
0.103382941046	-0.230821263115
-0.0393379963959	0.192117417649
0.351231219059	0.493704315058
-0.271498817069	0.161813753784
-0.1347157825	0.687992348767
-0.272845628646	-0.845728671783
0.96373733629	0.404582880043
-0.40912903102	0.798697137573
0.675770326133	0.651164789136
-0.605019945625	0.322821408847
0.504573528485	-0.605914531699
0.506991251794	-0.725411230545
0.427508965181	-0.292133681612
-0.912605509081	-0.661753056057
0.31987260323	-0.350346686789
0.405440566919	-0.425343840608
-0.585243662611	-0.685780449726
0.666386720038	-0.138256479468
-0.474305314729	0.43941432072
0.100861331896	-0.393120790459
-0.636759881638	0.44453600294
0.917761934346	-0.726691438923
-0.939340940664	-0.965573453003
0.599939761202	0.623370475379
0.0743994163277	-0.14698245388
-0.377566056937	-0.691404036081
-0.719334062264	-0.940419156176
-0.683097053443	0.147317428735
-0.0904796846218	-0.684488929493
-0.0631539454517	-0.0407766444651
0.0447299040169	0.748726505945
0.418743781776	0.0953700029633
-0.142938684695	0.77523307697
-0.540738195073	0.842304172171
0.447290641427	0.525625664922
-0.295025517177	0.848395219027
-0.936100319184	-0.556778209336
-0.936198959368	-0.613910194759
0.138913602856	-0.714853281258
0.944931019345	-0.884962028023
-0.672827296873	-0.660375109482
0.0277012218364	0.165819734806
-0.885628188189	0.611372501277
0.199547738527	0.494165055076
0.449629621465	0.153421638791
-0.369451017712	0.920837130634
-0.609001684995	-0.172408375166
-0.646793871728	0.64861840973
0.405699256944	0.834313780166
0.909913368533	-0.813376746155
0.993462297807	0.00153161540702
0.306816247779	-0.923462147526
0.565289212348	-0.749335682411
0.217848096544	-0.902526935647
-0.136795924766	-0.737637649404
-0.791155162697	-0.857632359564
0.893425006439	0.493390021545
0.236502605141	-0.919766423178
-0.346696709048	-0.61759827122
0.476565558992	-0.337891023783
0.24583175948	-0.135636679941
-0.0304161766651	-0.949292908426
0.474708575977	-0.483762624955
0.187799405269	0.215191586585
-0.474768080845	0.895540274333
0.33561941916	0.681081097466
-0.677921448015	-0.465078792828
-0.551115666599	0.700200316725
0.217345554291	0.290622451747
0.601977140557	-0.930075222257
-0.777238621783	0.387240215855
0.851751330084	-0.559855422857
-0.746734991197	-0.456242870543
0.84067788006	0.199534931021
0.735754201535	0.0699137694233
0.734519481805	0.13203730752
-0.245109637927	0.571589044652
0.25499123539	-0.990936725908
-0.947996197855	0.695092421114
0.143040304561	0.670506702476
-0.822684309087	0.0201154908056
-0.894352893019	-0.401379766781
0.0956444016183	0.168188233233
-0.0970147402655	0.263825845252
0.0475937751519	-0.99346350588
-0.128225971717	0.215979086492
-0.327346107581	0.41603123279
-0.744156992317	0.253563485326
0.789356740963	0.266100717977
0.80822448859	-0.814719739134
