0.88273784231	-0.368584631222
0.214058773124	-0.271233526276
0.531113027261	0.689635479506
0.454616512782	0.707044751034
0.401057241978	0.836936956514
0.313240404181	-0.0389988181702
0.166600751647	-0.851431909829
0.0595890370281	-0.332190773325
-0.68060349744	-0.457258977566
-0.835557670061	-0.0397772454301
-0.14298816317	-0.669607883237
-0.897679683961	0.133949606968
-0.870107628298	-0.719211810795
-0.818134082418	-0.0473795752365
0.237219569754	0.826285775636
-0.168227626029	-0.498409433504
0.0592082749919	-0.862270715414
0.279386192393	-0.506385137263
0.187441731523	0.380454629899
-0.583848197451	0.944978284876
0.746574856034	-0.690053728126
-0.463130116958	-0.161102157191
-0.247509582451	-0.978246668448
0.838423640234	0.256079569356
0.587357087767	-0.415150051673
-0.909702073004	-0.640508232917
-0.60949051479	0.717936761372
-0.541421131523	-0.521210441366
0.240461299766	-0.283553292804
-0.0486652036473	-0.000165756194355
-0.835959463753	0.909615665198
-0.882196234565	0.977703237259
-0.0366410803838	0.0146873279924
0.25293488175	-0.351000263131
0.223128694551	-0.641707605401
-0.912159319647	-0.309849727998
-0.589754209325	-0.260925075417
0.0589608161553	0.467597385685
-0.745362557774	-0.414491252553
0.607727933541	-0.628462356016
-0.942209198537	0.780749997184
0.0514332087964	-0.481317862777
-0.351942908997	-0.752049002878
0.873164169607	-0.403009064943
0.444697606049	-0.108382674239
-0.856004953766	-0.726288122676
-0.546572625239	0.0283740798239
-0.132703741536	0.642738100689
0.209281266038	0.325518944377
0.365483879542	-0.122249989458
0.043932828581	-0.718078379914
0.496628550343	-0.650001816057
0.234664929257	-0.936806191741
-0.722163744487	-0.974296610228
-0.190483648703	-0.875146469011
0.026618335254	-0.0216402048789
0.387695496755	-0.732443238161
0.41865312066	0.328782669804
0.612922919961	-0.887802627903
0.670387138977	-0.472656026257
0.990631891609	-0.154147959018
0.0101632022477	0.651904483151
0.666531082604	-0.995382932607
0.74846428761	0.211033648643
-0.514187855549	-0.749706514006
0.486224035894	-0.953293039549
-0.0993317533865	-0.451938791333
0.0148734460087	0.542969852723
0.146318750485	-0.597715641951
-0.736872618128	-0.548457695024
0.623558820767	-0.373861235703
-0.383895777885	-0.527407515303
-0.922279127224	-0.219546628029
-0.998081573376	-0.551542516653
0.516657905573	-0.190956804095
-0.461336341543	-0.480038465074
-0.917789790005	-0.150796029272
-0.241282617454	-0.703856031088
0.611239191456	0.535443122149
0.493530995392	0.414734769168
0.461763143924	-0.931977534663
0.577862131038	0.000282115879058
0.56051394346	0.591663555664
-0.853717351704	0.182662080285
-0.859272203679	0.657495209482
0.033085962641	-0.407867954934
0.0177053153245	-0.713473173223
0.474006537672	0.672725422146
0.599450555113	0.513938795096
0.827897031035	0.492405401869
-0.157979689008	-0.235336091998
0.507381300181	-0.0985290518356
0.609534095138	-0.590857309867
0.88341524809	0.235981343944
0.704551976821	0.760215153486
0.297814986779	-0.200495799843
-0.798948082447	-0.0743916766475
0.51121927867	-0.54872271476
0.168767534805	0.504516768823
-0.56269222403	-0.245519520746
