0.578978915068	0.110451220133
0.0123711527297	0.79078834111
0.439494033101	-0.764907267443
0.539820869608	0.50563934839
-0.452539561199	-0.317117741652
-0.746722809114	0.681663451874
-0.785311909802	0.317619963975
-0.241557908118	-0.906628200776
0.142491917539	-0.483162960089
-0.140829862097	-0.212067836109
-0.183977843786	0.298800279168
-0.334407562948	0.064779825911
0.395224765973	-0.355427726754
-0.660982116691	0.368320991434
-0.619293271513	0.574181242858
-0.0714811879747	0.351484953934
0.507152859248	-0.623787638783
0.203996927784	-0.41836287547
-0.813655823377	-0.721794817766
0.70597085935	-0.920422995342
-0.0803197310208	0.371103927352
0.873576913262	0.551543334838
-0.0974033464107	-0.552528338661
-0.664585299281	0.41961911376
0.396367033691	0.111594215746
0.693333569403	-0.0340838476428
-0.664155467981	-0.908977639604
-0.129873921084	-0.577809092487
0.509641398478	0.345500477463
0.52421657971	0.657062667738
0.556077590784	0.610549335695
-0.400426343057	-0.00443264107875
0.804011569874	0.797023777602
0.187862334034	0.994865591016
0.538754374224	0.756792259798
0.76323015014	0.186988559772
0.333412850619	-0.785550598667
-0.463648821119	-0.578260045979
0.491165046155	0.370823962671
-0.901523176272	0.958216840853
0.636822237617	0.977996015395
-0.753417264254	-0.151489640235
0.65503718289	-0.865166698857
0.0516550279837	-0.843058918228
0.96966236795	-0.841148337686
-0.346010919653	-0.285366098948
0.870384259468	-0.139790246949
0.802826292126	-0.112809306844
0.173148319063	-0.572688511256
-0.669778867425	0.262492388459
-0.320037294208	-0.337660767418
0.15379630053	-0.916502582125
-0.274428437304	-0.364515907439
0.488063873736	0.296920172743
-0.314028336817	-0.642627590058
-0.098641277469	0.27253768724
0.892301959411	0.316698724681
-0.757463601249	-0.636831266343
0.557219078795	0.675402346883
-0.582289416561	0.206024620964
-0.541868423993	-0.553056487791
0.81512014695	0.981313569938
-0.622148840419	-0.725739087676
-0.694001713732	-0.0665104238401
0.473414393751	-0.0185837598462
-0.762998545254	0.818843377117
0.753029874163	0.436297956597
0.966869587717	0.21555840196
0.933683523608	-0.866491791613
0.281521896245	-0.402282551982
0.549536849804	-0.274272327208
-0.77483807514	0.546362595326
0.0265552455022	-0.465927657107
0.269287602025	-0.240588273235
0.345015806263	0.816530680862
0.308167810062	-0.0155453435998
-0.560829247711	0.905472031843
0.719893935516	-0.92691887837
-0.628033648347	0.0638897286307
0.153013182916	0.909700900965
0.324894462264	-0.433646091693
0.333900101216	0.902320430872
0.185784313195	-0.122252442992
-0.25916317149	-0.636871021276
-0.750318982434	-0.0664553802356
0.336526079472	-0.436933493259
0.0128496255544	-0.985993011096
0.41579930581	-0.207321647067
-0.989672977169	0.351063431157
0.616833832627	0.946326099939
0.967373141007	-0.819678155469
0.0262695730249	0.733877749365
0.943839652622	-0.520555201391
-0.238977729147	0.0781205232384
-0.644728393571	0.983534167828
0.963218704251	-0.875866055287
-0.100681056996	-0.0342424588849
-0.426880084491	0.683511049845
0.670100452109	0.968012049124
0.395853980056	-0.153576817542
