0.919575627584	-0.698164042814
0.83661395885	-0.864902953472
0.164321947633	0.344364222462
-0.109974888656	0.629069976786
-0.326320375145	0.319666516014
0.359510303235	0.0760629628506
0.0962030975501	-0.467355542524
-0.271550836618	-0.543471871772
-0.924617117826	0.765534324217
-0.584595223931	-0.252785895463
-0.142899899128	-0.828864773973
-0.635721544737	0.0870621901208
0.211063865769	-0.113245454965
0.829476819289	0.553351198669
0.35356547965	-0.189305116409
-0.356084323449	0.111758708192
-0.577813399484	0.809574054178
-0.939634888837	0.86307187874
-0.307605666483	0.772694510273
0.31686540232	-0.0368189260246
-0.264047366619	0.535352913809
0.0364000762362	0.442745154861
0.871812618814	-0.761811885347
0.406545170356	0.985793002091
0.386349174582	-0.296210964363
-0.993843185383	-0.976080159655
-0.187439587837	-0.103919723855
0.434054781886	0.0396311705114
-0.31336360935	0.70530167904
0.182357171729	0.851937698985
-0.877009599295	0.489916953654
0.509485690281	0.303546455585
0.773818970374	-0.379787884783
0.284831691694	0.205884244274
-0.985812238552	0.261667809543
-0.27352342521	-0.754926195227
-0.143932064924	0.511010395339
0.622969496728	-0.389808924462
-0.00852216531891	0.0116445656728
0.598647310106	-0.104088909186
-0.11342646756	0.396039195059
-0.0248934470514	-0.302633720828
-0.364471298544	-0.0729998389248
0.72047389904	-0.540829586836
0.316339094421	0.57383307029
0.254659025469	0.657980299004
-0.207726224658	-0.644894271867
0.879127493442	0.28451223822
0.801296890386	-0.0874793252552
0.740363083337	0.273874122556
0.142692463293	0.73268444035
-0.81360239964	-0.0578067441314
0.567716024709	-0.551468901027
-0.302072142335	-0.13791716719
0.538588037654	0.222567982352
-0.687092257969	0.268868142826
-0.872949645959	-0.148091924523
0.444172303702	0.644241604496
-0.00806450991245	-0.347830530482
0.572872294014	0.167531303807
0.49154681183	0.301430897238
-0.0375172186199	0.165831613183
0.92228718112	0.604899967013
-0.17521517853	0.631350320681
-0.359577191808	-0.719708029302
0.823430321521	-0.449787683413
-0.530266926531	0.945390866228
-0.779802346257	-0.314336664981
-0.933671935195	0.990560322563
0.870368936576	0.870449950195
0.788432647337	-0.467790059123
0.73138340803	-0.143033734747
0.894662132547	0.406588292606
0.0378226719395	0.649248286031
-0.500058224541	-0.862582651021
0.0724162295387	0.378187416332
0.0450476650354	0.487668096719
-0.897777572166	-0.99859685174
0.123050106634	-0.344265113015
-0.745207031191	0.0440897948019
-0.409788202952	0.4254027214
0.428363205887	0.00184774763396
0.70143372047	-0.785730097581
-0.693827205521	0.0674319326045
0.446349438615	-0.891159184714
-0.342898800931	0.231306567192
0.344735753745	0.221457988415
-0.448138134426	0.876543546368
-0.457906342501	-0.202491125352
-0.873250613841	0.860435455113
-0.303793630944	-0.584607628719
-0.347682854915	-0.252758559728
-0.431361663218	-0.813712920692
-0.163006973616	0.132032128676
-0.6691082945	0.651938431039
-0.185390260064	0.909699376169
-0.588914780015	0.0645846385534
0.499304258649	0.69406615918
-0.616798059382	0.938728986448
0.628374001186	0.586435768165
