0.733070375683	0.0717501573384
0.00208302002924	0.700851513465
-0.724592653602	-0.904813850127
-0.170818161627	-0.717046628408
-0.255386593195	-0.155956912602
0.471126944623	-0.237088423328
-0.996635016047	-0.760334879177
-0.306388775262	0.598538822315
-0.691426395452	-0.868319347607
-0.17887529049	-0.935779163309
-0.609177074888	-0.419613380809
0.632313570471	-0.770529464898
-0.387418154966	-0.34865438121
0.0269081356157	0.751672780321
-0.00225950833961	-0.867228448076
0.00780029070951	-0.814288700386
-0.825722156647	0.444536280577
-0.915650033605	0.4708812022
0.750931910612	0.661842967806
0.128876789463	0.656473665327
-0.667699853494	0.156913929934
-0.234718003016	-0.263358817965
-0.0664895038421	0.72309825394
-0.496847821789	0.498468636193
-0.263977036208	0.854917367431
0.633518877711	0.253571114451
-0.254258477119	0.647449772643
0.511464138145	0.873685885087
0.366819928	0.135989647109
0.749917969455	0.691540534488
0.495367062055	-0.425474358248
-0.0456780399083	0.516936744153
0.0811338308972	0.882518413288
-0.0565845584106	-0.287793269937
-0.74188424263	-0.843994781178
-0.540382094151	0.241524811661
-0.925907800541	0.81799465642
0.576831071368	0.234521509534
-0.821543907694	-0.0752041193969
-0.67377613101	0.969835174711
-0.237464717217	-0.395273218759
-0.776785181859	-0.096271138123
0.559004842275	0.0706982537427
0.841565984889	0.217779364622
0.798622348699	-0.210828266115
-0.233733692588	-0.126511767486
0.767270139652	0.718541587284
0.395929497006	-0.386698401426
-0.305530159212	-0.942287928897
0.169983026613	0.203039372586
-0.674630235662	-0.68877986745
-0.503590423997	-0.417100696894
-0.335911655784	-0.963097725772
0.00636025379174	-0.985171912427
-0.152216846204	0.479349351564
0.69410001992	0.14697928876
-0.480844932031	-0.0670748423003
0.647783041486	-0.434371347874
-0.915126879512	-0.20209250861
0.393904267759	-0.0544249158943
0.0131543096202	-0.0771249722773
-0.56127646027	0.00348554842046
0.839259966905	-0.188779426978
-0.474074777092	0.424607331002
0.0576009760595	-0.827455488526
-0.353103984711	0.899730328247
-0.12453287526	-0.329311860838
0.100041674477	0.437945634532
-0.539957722572	0.213701282881
-0.0851485395327	0.299348469723
0.304791967128	0.67875039908
0.225959854377	0.42132191434
-0.320416661793	-0.66784375468
-0.412148498594	0.967493441146
0.350156633643	-0.510657413902
0.927843511647	0.93249985904
-0.994107317567	0.746917209635
0.750575533773	-0.860814009731
0.485432476189	-0.191631695858
-0.873716044965	-0.236981654225
-0.879075612255	0.133483295706
-0.201745754038	-0.238812857887
-0.992386273192	0.0856262571719
0.738132012216	0.750363761287
-0.972279532762	0.445478916412
0.0374028292487	-0.869796609702
0.256966969435	-0.101906476835
-0.117839363738	0.0770840474678
-0.0251192423598	-0.728310331757
0.439148135029	-0.468819048753
0.62893911913	-0.630055492201
0.886011814388	-0.51080289305
0.208792808676	0.457509270806
-0.0241603097983	-0.666003948593
0.218012648444	0.75028231657
0.598449260366	0.66077562365
-0.851205817476	0.627933932189
-0.497557489412	-0.0153293473246
0.192145010526	-0.268031364809
0.186488133578	0.252652171316
