-0.424122450899	0.0182069930362
0.985143283228	-0.19640564636
-0.396099196175	0.0595198502214
0.126628572316	0.710142198847
-0.0776345552578	-0.763978719394
-0.648949773686	-0.763538656365
-0.163766750494	0.307685151934
0.908897330387	-0.979231503616
-0.724869425358	0.92310254531
-0.528795323269	-0.166163786103
-0.134872675249	-0.571284889067
-0.555705629371	-0.896583122601
-0.205579876332	0.757099089652
0.310848600291	0.0298449650129
-0.812123541066	0.869143068046
0.767925220768	0.164770871153
0.0588879571224	-0.639931758209
0.461318921698	-0.887736145763
0.449029822738	0.664663398387
0.88165305029	-0.6771565193
-0.796509466436	0.127208462434
0.462679709001	0.188520135091
-0.912242387811	-0.91032603475
0.627177060735	-0.55579079388
0.456083658882	-0.450593925965
0.0579522595963	-0.586857411171
-0.300391845335	-0.0578041798816
0.173223140317	-0.20088349679
-0.46364498494	0.634371083548
0.169662102052	-0.197582847489
-0.195475241489	-0.610046293655
-0.280088868593	0.245853030315
0.970745374724	-0.0205263102192
-0.997961140747	0.790734814214
0.348570012468	0.0302646940055
0.510242900271	-0.430962534084
-0.594423898589	-0.705117794453
-0.624736711763	-0.437029978192
-0.446679191655	-0.230627332123
0.909596043084	0.622101778292
-0.407525507651	0.250116551553
0.29099014689	-0.473778932532
0.319294604396	0.930413792343
-0.728022884379	0.598511442482
0.629178512982	0.0838008008026
-0.0651573947177	0.676034023809
-0.415675009006	0.384104193826
-0.691993868828	0.76817405541
0.908681103384	-0.986230315737
-0.312396058717	-0.421555503218
-0.584856863184	0.390987128216
0.359842705467	-0.658725210894
-0.272932623911	0.587413633716
-0.715921253296	-0.368526743876
0.8143541278	0.427209767093
-0.608132403216	0.0308002285406
-0.0330825510053	-0.481591721558
0.348321127357	0.390775431147
0.566901985436	-0.163781218122
0.323236357967	-0.880760703803
-0.959896066012	-0.912232771826
0.705355858712	-0.714685353769
0.260123588286	-0.218382613285
0.906629847355	0.712575101673
-0.49236564656	0.625898175613
0.172497782065	0.409903223814
-0.132228894305	-0.655228591186
0.521879761686	-0.537920391438
0.721290847406	0.223118377193
-0.948856896679	-0.91343531777
0.786523256593	-0.646364980927
0.954307013943	-0.605115358349
0.722385371696	-0.681796175522
-0.182480221036	0.715098524774
0.229298115588	0.138816411102
-0.965504598541	-0.629756033653
-0.416042688744	0.116518130507
0.45738345552	-0.188557266244
-0.458560950605	0.0191640469835
0.922189138085	-0.0851465096998
0.391171558088	0.76891226405
0.643307375611	0.855063342108
-0.477772416137	0.406960148045
0.788766819016	0.436308194298
-0.807176709774	0.86311228888
-0.626864431037	0.870924017633
-0.534504441816	0.517478963935
0.565015925625	-0.593814201237
0.929995069691	-0.495534645876
-0.499066349572	-0.296498063732
-0.748314208257	0.13507272032
-0.395731370877	0.609434612893
-0.951695331324	0.550741726152
0.512136197724	-0.0897282412547
-0.203753519174	0.719827096783
0.123615535413	-0.856472146162
-0.175134387531	-0.130643492929
0.319642048715	-0.239621344361
0.305082575672	-0.858264282473
-0.798136494397	0.264852682891
