-0.0102515810361	-0.369157234952
0.99337487967	-0.414921364342
-0.725092429512	0.437785816096
0.265865256393	-0.6328215152
-0.107694602024	0.704047487139
0.364110258354	-0.886470585547
0.175070266295	-0.905655783364
-0.594175867555	-0.40349337935
-0.398628338041	-0.709791688533
-0.426015353569	0.1744475835
0.966023269775	-0.320541686239
0.291130117115	-0.318677950664
-0.274961451594	-0.899359148771
0.893256466522	0.172220679679
-0.92306859438	0.081676288755
-0.318597833996	-0.438946597382
-0.888444133596	-0.401754256779
0.191264753171	-0.614678530377
0.843580785548	0.782106472877
-0.225522106509	0.933850060826
0.036522851464	-0.52208493885
0.861558193889	0.987116318645
0.962587104403	0.238542131682
-0.106925789784	-0.930702869483
0.901881749752	0.753038634361
-0.54797431417	0.232934529174
-0.418465642078	0.435100857791
-0.0355449105317	0.0646119427068
0.657051315702	-0.846244075672
-0.533503255512	0.724750193825
0.706032759423	0.785520475942
0.158198815077	0.775912627718
-0.200493214421	-0.813657393439
-0.938470116942	-0.720729287216
-0.5274118389	-0.574713913816
0.447716025177	0.778574055679
-0.202122671952	0.397478888137
-0.241029938698	0.913546953676
0.443364025965	0.626670799321
0.624493888718	-0.0822171092043
-0.632001237594	0.620661537255
-0.381557511475	0.816727754692
-0.386740400129	0.196252446567
0.741944783534	-0.526570166088
0.450230045224	-0.116862211265
-0.778882317775	-0.303739034025
0.838292436734	-0.0516579732118
0.926381531668	-0.908037582928
-0.833792463056	0.0179878051204
0.183379300279	-0.913266251324
0.5857703841	0.0904727066963
0.0924653966691	-0.328784505101
-0.508641074236	0.517898065174
-0.325382153085	-0.0506219607108
-0.830392365638	-0.202506851095
-0.660091838876	-0.790420863029
0.415972047792	-0.751051720626
-0.142475995552	0.0845724545079
0.764030590432	0.617402445029
0.88529313944	-0.797406400446
0.931097709317	0.96815683256
0.159856846908	-0.378305110675
0.0826814767104	-0.50054244367
-0.47742178017	0.0908995819775
0.353132149283	0.46375058558
0.936398608123	-0.866689752922
-0.620283221999	0.404195984834
0.473583342368	-0.140415690974
-0.290466677819	0.561639052163
-0.969119368985	-0.308157697375
-0.762837395239	-0.773593427529
-0.595941538647	0.0842118414461
0.416832804413	0.734603733139
0.781027433042	0.628253723296
0.507504819735	0.914965082423
0.809174583788	0.355889172627
-0.237655247606	0.393056253472
-0.357683990599	-0.731381876159
0.753397328861	-0.339832029932
-0.021027749936	-0.367322502538
0.0951926480001	0.202363449654
0.166698258075	0.433892497743
0.201436596043	0.0369476770972
-0.0631348580629	-0.078848118589
0.733988157549	-0.500789559596
-0.548686007183	-0.694548375753
-0.444924459388	0.815034365247
0.470754356129	-0.346904536238
-0.32609407132	-0.471343958709
0.868834022084	0.686158847264
-0.465345891357	-0.946068123507
0.322589345942	0.992416494468
-0.421063580126	0.705371585095
0.656647809556	-0.590012083095
-0.922233772894	-0.583009649295
0.328881223234	-0.0488387656971
-0.250115334402	-0.527269244209
0.324230853515	-0.0588573043716
0.341789166614	-0.709460026884
0.657287617319	0.000174726658708
