-0.213671914863	-0.865594523913
0.475218490871	0.220743475797
0.759062072709	0.524254291088
-0.878958749261	0.733251409087
0.544182092863	-0.386810343166
0.245662525494	0.839599133568
-0.165249721189	-0.165718308143
0.148090521954	-0.56625758429
-0.828491493132	-0.614769950073
-0.056336293792	-0.868439257287
0.0638717639626	-0.0464071399284
0.70038586966	-0.55972316356
0.590239738357	0.0181106733393
-0.182645192067	-0.897750985466
0.548307797344	0.166286809819
-0.283840154	-0.430423381446
-0.246985474391	0.361559466058
0.483101746216	0.280833031932
0.330096005515	0.815525590936
0.317325898599	0.19705275513
0.350024895872	0.154766400561
0.388708267476	0.947949593023
0.826727139446	0.229922880082
-0.266085608778	0.98989844232
-0.563205934287	0.303801401801
0.822731233285	-0.633092624074
-0.0445021602492	0.559479216562
0.644837841526	-0.569363170034
0.363157696732	0.675480165212
0.076031429554	-0.220701439995
-0.382292708753	-0.919945697371
0.616741594773	-0.567253553508
-0.169780292841	0.507001933119
0.713159003405	-0.255079609768
-0.0393022656373	-0.0111211318259
0.365092040803	-0.672037274111
0.0313562977879	0.472091053152
-0.499224103881	-0.490551895305
-0.982540519421	0.0882258019255
0.899658492085	0.422411541396
0.717820803193	0.664724618879
-0.443504607698	0.133105568991
-0.0328706636285	-0.452546705394
0.532691878054	0.381969573878
-0.687219101178	-0.700212811971
-0.702103307478	-0.504929611676
-0.819751175718	0.371083202512
0.962546054279	0.315541974785
0.473618663456	-0.965319816173
-0.154166667616	0.430440797882
0.84665185102	0.769748470577
-0.702799525525	0.521826940262
-0.489673068381	-0.16339892296
-0.104582505297	-0.21502083687
0.224325808747	-0.316786032644
-0.780612804859	0.132584726864
-0.560093416785	-0.305880569869
0.23400615753	-0.130872629594
0.722999982645	0.0822419346668
-0.0898697358476	0.110305076376
-0.283915948265	0.846084679907
-0.225341503164	0.13078220055
0.480516575063	0.348096502643
0.144903386663	0.0583234538371
0.0457714519291	0.772133010295
-0.338842184251	0.396859237333
0.339012535471	-0.245686776231
0.242218080016	-0.599463089841
0.210185436113	0.295573544156
0.0835863320005	0.555771353747
0.341231891707	-0.480029843377
0.497390580423	0.804894132632
0.464436371638	-0.89140305797
-0.998131022455	0.315255223969
-0.160681024858	0.255591275139
0.591321634308	0.307961264383
-0.883680518072	0.400844578453
0.931714819761	0.327015416155
-0.136796914007	0.625957849768
-0.904689795642	-0.244785180088
-0.230432735351	-0.56113544116
0.108052682341	-0.596555544947
0.0484988706846	0.0167470938886
0.16437591765	0.541644741006
-0.0579099918735	0.610652588316
0.0251071292488	0.893702594556
-0.216180411507	-0.0284986480102
0.997736841224	-0.455656844181
-0.185162343791	-0.35556726599
0.248770376661	0.741514190325
-0.755471613436	-0.821542304326
0.869260900221	0.445430064498
0.135465757398	-0.821435006242
-0.735452369848	0.363346991452
0.696029982745	-0.439583763279
0.0515839577981	0.494498428122
0.207287090528	-0.0872291396613
-0.184639641227	0.419713596306
0.622382428057	0.755001983686
-0.172393091613	0.279066841584
