0.566342760318	-0.96976202488
0.663735360716	0.19844211038
-0.588893578868	-0.479574100525
-0.990985736156	-0.957112418698
0.821128646737	-0.946799306327
-0.694996144084	-0.875696883847
0.241766255432	-0.056240835058
0.868430235138	-0.879706396073
0.871775560398	-0.68401052894
0.902487827639	-0.34790208794
-0.624364388693	0.83384043037
0.613922075438	-0.38338716147
-0.494184135407	0.992008033524
0.780156215	0.950685821408
-0.722058030967	0.598266183111
-0.497188226416	0.663515023515
0.0498389346381	0.432818155249
0.142021902176	-0.598981641336
0.753286254433	0.409171032351
0.728066723603	0.00931881287688
-0.332565076875	0.532029048762
0.181355603032	0.810209472673
0.299720076686	0.730523098197
0.121688550824	0.939427265558
0.475819178682	-0.352478711989
0.533372614492	-0.468586467374
-0.0245337999687	0.643394777641
0.999574913132	-0.0857973288143
-0.106068883729	0.648483384786
-0.0852784797827	-0.187062337266
-0.00903317323537	0.233957100758
-0.583458910236	-0.861233091408
-0.780799764777	-0.456881169284
0.359273771476	0.453780821783
0.245877728984	0.409708086293
0.317547486157	-0.652234169691
-0.239152105803	-0.191251984674
0.630255851668	0.118239847466
0.7920416702	-0.209951084474
-0.731104289083	-0.439300131369
-0.208394613517	0.651503634235
-0.582549326144	-0.538348438413
-0.146668707077	0.125156918809
0.903179034284	0.184381379906
-0.632255323683	-0.997130513312
0.959271665369	0.0707865104975
-0.682291166119	0.840410053605
-0.221260219201	-0.364780433567
0.952037363627	0.306761460189
0.871291338005	-0.718586988006
-0.219849402453	-0.325675426344
0.906204268781	0.413394452866
-0.146753645565	-0.362337574719
-0.62826521386	0.289010514831
-0.0946096441719	0.487430518374
-0.0361964232101	-0.676221586917
0.238850366842	0.638581542632
0.226285785654	-0.789987567957
-0.326626848023	0.419505623359
-0.00862794653328	-0.956456094913
0.520547852092	-0.512330700348
0.562563131436	0.680731603223
-0.314858970384	0.271837882891
-0.248180472715	0.69695274367
-0.780088162011	-0.151611213607
0.35157762709	0.00078602030097
0.997675077187	0.19743925428
0.213683012167	0.368253672334
-0.998464532913	0.999539051083
-0.978177358054	-0.168525692585
-0.608988179139	-0.565227360927
-0.92002612154	0.481931439846
0.0951805177731	-0.81681186272
0.756203280381	0.39796852151
0.980437395114	0.120977689179
0.380374051999	-0.105193863705
-0.536268122342	-0.28711741326
-0.957867821576	-0.900615054388
-0.894990072622	-0.562662227487
0.770428229823	-0.142018538131
-0.495431738988	-0.081609955002
0.398488175279	-0.0894847700387
0.848207038553	0.772583763455
-0.599769684544	0.160565371047
-0.530313967106	0.410258615786
0.232235607998	0.361860077107
0.253346527386	-0.574132870207
-0.264126848985	-0.071868337015
-0.00378331232383	-0.709849846528
0.445542063138	0.4920946654
-0.944118813803	-0.36328197955
-0.818078395948	0.717095099746
0.479186644018	0.462417561603
-0.130496914202	-0.505183428754
0.740475878305	0.569713457074
-0.100293651674	-0.522416464579
-0.314904958275	-0.262178550674
0.0932645303605	0.0491206841144
-0.00623715494214	-0.00684012822303
0.392522470018	-0.673434776683
