-0.208549837348	-0.416377089986
-0.512310656333	0.272109944687
-0.645113639151	-0.351105466609
0.168083050821	-0.686253387216
0.133342532181	0.722486274905
0.688520301254	0.446457469366
0.755532021182	0.251245016944
-0.236571239166	-0.611349292877
0.734413487094	0.429220276184
0.520806473288	0.274586795135
0.513336289491	-0.57813989735
0.84711282191	0.146832364081
0.961845530008	-0.290723822335
0.854023410474	-0.211638086714
0.410599104777	-0.88522425726
0.791831701249	0.974841516042
-0.448540793281	-0.232609030325
0.767562552751	0.0572007846323
0.48275155432	-0.229921340181
-0.856664262393	0.925984712315
0.748354856378	0.621732207144
0.18980853837	-0.260369628423
0.449286452684	0.123972747993
-0.846176679377	-0.401450489186
-0.76202199374	-0.0559956442849
0.618582825457	0.302591196798
-0.538477318429	0.637330827701
0.751325246469	-0.0767199780295
-0.614904507186	0.582422991078
-0.451218809339	0.90223827744
0.792612563252	0.915595036874
0.687017824689	0.700310333767
0.270789226438	0.450599706996
-0.861833092504	-0.575549571962
0.880834119982	-0.502636149268
-0.159242291302	0.160611409373
-0.370637349015	0.588515242998
0.495959849861	0.348481073047
0.933524928368	0.623991806628
-0.864223554734	0.430354872011
-0.817777880009	0.158114037031
-0.340669964341	-0.834038227172
0.393212473522	0.6634020197
-0.332328149412	0.608782260664
-0.355712686751	-0.235572044077
-0.0517828368922	-0.721648133257
-0.223925167633	-0.172299073573
-0.823725646957	-0.009794124565
-0.698953849989	0.679053341404
-0.471940120159	0.294544094749
-0.710014094548	0.554115376322
0.486208053132	0.204654063761
0.221589281481	-0.0297083060687
-0.57085241946	0.281285668753
0.702134434487	-0.812480118098
-0.936146639138	0.871044037439
-0.988706859301	-0.202228047646
-0.793506072826	0.474210101986
0.927682475803	-0.438642815457
0.0455436242017	-0.0584801396414
0.739184811033	0.29102734472
-0.246655832541	0.899812020863
-0.499297177553	0.626360137481
-0.440902220679	0.113068041475
0.141705680504	-0.419536758498
-0.0136379318863	0.088780438447
-0.440650488869	-0.76888299816
-0.364485421613	0.692931439697
0.951504115264	-0.372560118697
0.537721162471	-0.924505760564
-0.424143485964	-0.615814753509
-0.128774364507	-0.24296743864
-0.373826344027	-0.101433106349
-0.360528279362	-0.48828856763
-0.911795807847	0.27888689198
0.358030010814	-0.308289937136
0.846483600733	0.751869603849
0.915405949301	0.225899027536
-0.755583663955	0.783195517842
-0.4058082845	-0.445450298264
-0.518306936203	-0.896488611788
0.966258249175	-0.585173087111
0.157512728029	-0.853513260279
0.0543804307844	-0.278020181723
0.20677826328	-0.779448271649
0.895333117717	0.497990330314
0.547160457991	0.37443065987
-0.280644779049	0.0583543382517
-0.53847252307	-0.968685627574
-0.169854982776	-0.180596874687
-0.24189965804	-0.283017807291
-0.385319910509	-0.462093396665
-0.430992036332	-0.728825597158
0.242042801835	-0.464102857714
-0.757779987998	0.786214372951
0.183079673786	-0.495646745023
0.353161121188	0.171408570602
0.792263960185	-0.00729260630928
0.741958934402	-0.0442036484557
-0.189428216604	-0.538443345564
