0.596696591444	0.944714899059
0.423016364112	-0.0341465048851
-0.254420727756	-0.261954925792
0.779971107984	0.665792602923
-0.168308203816	0.632877664968
0.974365407129	0.963107438513
-0.323829053241	-0.669746445713
0.319552439091	0.590590737209
0.483517102245	0.96116310159
-0.176843643392	-0.921371667912
0.259977087798	-0.810294703732
0.954095763751	-0.873816247942
-0.391312724732	0.911747857833
0.327594230797	0.360455347893
0.987426395216	0.7006451989
0.605015207356	-0.535052422113
0.563883300823	0.628034647561
-0.806999782824	0.415280456735
-0.388324838547	-0.696949514832
0.91253739044	0.879527357593
0.287767381182	0.817491251491
0.92909431884	0.509199085402
-0.113716808473	-0.697789643087
0.423231211063	-0.846078414678
-0.394195847268	0.448523874653
0.0409680818944	-0.108866249106
-0.54044395796	-0.566859251479
0.513409930563	0.197211651885
0.489066465069	-0.894416799663
-0.0416283170371	-0.80353520529
-0.804609074045	-0.273302070793
-0.605593860219	0.486926777773
0.110557566054	0.587315267011
0.309907876977	0.457103729655
0.782097009106	0.996692570926
-0.766483629611	0.122708234469
0.983323261271	0.773395452418
-0.808631613054	0.628575397795
0.833391953508	-0.236515874481
0.592749277652	0.655228433954
-0.268028694969	0.755523160911
0.158822650178	-0.693829708001
-0.432836527824	-0.673770952263
0.251523405773	-0.220667165589
0.932196100741	0.202406710947
0.018690502734	-0.205111651588
-0.287168439891	-0.582730590751
0.542438724263	0.0790751342603
-0.833169973657	-0.733423041699
-0.0308415138854	0.970254110549
-0.824342076936	0.393619828979
0.866134791966	-0.633930225666
0.646066607035	0.160140667511
-0.630855158099	0.338902982864
-0.432674480741	0.769583639022
0.498117580317	-0.82948142318
-0.17288303384	0.644259173491
0.92715564175	-0.743489899114
0.644713486492	-0.035436380719
-0.967754193411	0.993787218822
0.958291613841	-0.223382351051
-0.807193286016	-0.273710065382
0.967630098754	0.912544497815
0.886676945791	0.689448047504
-0.170869854771	-0.97039752911
0.585992404133	-0.289274837672
-0.896778433117	0.669760140789
0.512167133316	-0.966654050826
0.620484609209	0.639075813563
0.140492003402	0.827750860467
-0.192173611896	0.368548308614
0.800501843803	-0.806846473326
0.420614659352	-0.215598754869
0.886262470628	0.0377731439851
0.46830797937	0.215564375141
-0.404074471778	0.670879170573
0.424924134232	-0.505329577326
0.654887783352	-0.590546218144
-0.742623336699	-0.136597389147
0.773860227566	-0.0318065550244
-0.401664308261	-0.96409363765
0.380104848078	-0.894248595723
-0.352938139193	0.347310798103
-0.229445598955	0.297644795583
0.559195361685	0.132317777448
-0.567315714339	-0.393484072769
-0.656149296312	0.973874151207
-0.891400939079	0.626279805677
-0.406326253267	-0.203416617774
0.661273190753	0.872923472592
0.752169085268	-0.570392920138
-0.380171010461	-0.000220917520436
-0.93935578855	0.253105249613
0.0226169085238	0.418055362249
0.653340343021	-0.543529612821
0.560698965255	0.849036885254
-0.946539497622	-0.783945977672
-0.434943942832	0.740007198013
0.0866495598871	0.342431610861
0.203196032554	0.883678253794
