-0.838493582278	-0.347088424281
0.442142452174	0.942078722017
-0.162118740541	-0.724336516914
-0.722110050848	0.74711474584
0.75682201661	-0.869866077825
0.240429098489	0.111401951209
0.401724981995	-0.50480988123
-0.326208264814	-0.266981547364
0.674677120915	0.537820022703
-0.982558101339	0.928546245615
0.621967370551	-0.0442724690293
0.920219912798	-0.454836451755
-0.331860234345	0.180304177613
-0.113828540856	0.430535008514
0.692538805267	0.793699377281
-0.0695210375249	0.118330185068
0.510749146895	-0.240053069967
0.41864808828	0.357811561253
-0.331207801728	0.492368700115
0.0515759773929	-0.555814604322
-0.827411542783	0.0220513724882
-0.757007871233	0.385932707158
0.716905877933	-0.764913663184
0.674179023205	0.926804749143
0.534193690892	0.236241674608
0.806633609582	-0.0159005861347
-0.826121772825	0.471390964716
-0.381938775858	0.333232177286
0.996820906377	0.0765892821911
-0.312942920201	-0.723022069405
0.672019789958	-0.666057756282
-0.165935087573	-0.172834341606
0.95543919298	0.341590162923
-0.122280128473	-0.139256198468
-0.856097415688	-0.164642591824
0.344343586436	0.354730135629
0.810681353601	-0.944099184118
-0.60912248926	0.159820187887
0.800927282944	0.844145458242
-0.679109278061	-0.770526060888
0.369299041234	0.995546784376
-0.271251347342	-0.952621145929
-0.864317926698	0.955519114843
-0.0578207658924	0.495411497962
-0.395379556825	0.490994851857
0.723904368793	0.144026482688
0.68151128046	0.653543128053
-0.946435161881	0.590687703028
0.706055291741	0.609371118541
-0.508249130126	0.173183610774
-0.796615647382	-0.908426588962
0.398161523572	-0.849327832206
-0.200427741823	-0.229864841499
0.0745094240045	-0.567083014759
0.9038163779	-0.0279385526876
0.27136491361	-0.456834667172
-0.339090991	0.0975012871646
0.449352539528	0.898239051357
-0.121721642974	0.953321737468
-0.359871353485	0.467245766297
0.62101821567	-0.0785406412056
0.0666854807203	-0.0864595762454
-0.944359322436	0.487226394337
0.500845825175	0.155251274928
-0.625626299802	-0.161788035581
-0.0896956060783	0.225288601242
-0.630504261316	0.410017731158
-0.995779790853	-0.44924945555
-0.792735550954	0.918718055781
-0.820836326254	-0.0924144267406
-0.642828662136	-0.910366334724
0.815485592258	-0.437497947182
0.91007066801	-0.788144559917
-0.500432347685	-0.934135510241
0.324113378216	-0.628132999176
0.66843558614	-0.716819158155
-0.358725193992	-0.827774821656
0.712226705845	0.291343638601
-0.986182338288	-0.37841701817
-0.77282560743	-0.910718555422
0.173144201644	-0.539396394259
-0.689662508702	0.707806193135
-0.707327113593	0.675426269131
-0.0868412901086	0.956478874399
0.990896915588	-0.0787983144604
-0.738233077335	-0.0800149600239
-0.614265662631	0.0827432773217
0.409510898201	0.9369304634
0.397690080789	0.0806019988955
0.6569465621	-0.335740027435
0.257256453172	-0.962417747316
-0.830691497306	-0.74647399927
-0.274459850032	-0.625040530058
-0.409570103036	-0.693040164875
0.946634750357	-0.638816111045
0.151795444905	-0.450447128383
0.61652150306	-0.289678244401
-0.985907505257	-0.19003250006
-0.64198654089	0.212863915504
-0.250842724132	-0.273991539154
