-0.703479870005	0.423721407214
-0.832990490068	-0.189395053763
-0.0015702262081	-0.594329973747
-0.59595130085	-0.979306225328
0.779927297767	-0.96234628588
0.0464606764206	-0.61630045475
0.13480978155	-0.709992755796
-0.419606437826	-0.169201521574
0.15559607035	0.297234892584
0.446920958471	-0.472293048363
0.244349767158	0.86924898099
-0.189417784457	0.531300858238
-0.386236578017	-0.411947087467
0.556664217083	-0.670390726796
-0.221294089505	0.328924586425
-0.359597753182	-0.214306825369
-0.683141211327	0.0441844856627
-0.247468650945	-0.161555669611
0.306265622474	0.126455599529
0.982886702965	0.23845492919
-0.870944379919	0.175923071385
-0.621226440392	0.165459593135
0.787875337919	-0.634539166877
0.202407053089	-0.898662297835
0.575675235133	0.800951844386
-0.439420869454	0.359097327
-0.149172610423	0.904085918372
-0.728302400263	0.419369520184
0.962631538189	-0.245683156234
-0.963538240106	0.257185371603
0.251527519075	-0.766424246843
-0.636049615529	-0.0758486438572
0.882824258866	0.907448441782
0.331752273865	-0.0679755075469
0.955240988503	-0.823556183769
0.0573036727745	0.48131455318
0.756218204731	-0.45138847395
-0.608281498823	0.496344423856
0.425411098308	0.758631892018
-0.967096515251	-0.791537854302
-0.357756928069	-0.226123275705
0.111057832028	0.683809285609
0.51087787208	-0.780597634827
0.623455967292	0.0650160708736
0.940853294522	0.0731019579394
-0.537101281497	-0.93861538542
-0.838846391287	0.300818345256
0.730380327821	-0.655611314585
0.288135518593	-0.406366256774
-0.707037200658	0.796465647441
-0.496585233906	-0.690448213578
0.40432548916	0.556413094748
-0.815260634376	-0.21111498537
-0.553417520398	-0.222993931661
-0.636923263432	-0.171326499635
0.483737339184	-0.657817762221
0.621494241099	0.44917839037
-0.71352264847	0.223613379082
0.829456239885	0.366815789539
-0.26358571425	0.25096648183
0.542799626455	0.203520693793
-0.027692949309	-0.944970823456
0.911572037264	-0.453081014918
0.865955725695	0.033399885681
0.185332833856	-0.236052629937
-0.145853426542	-0.921362767899
-0.629657217987	0.916166637187
0.221056763393	0.518009913014
-0.999429413501	-0.00931280401068
0.13263305818	0.00747600645347
0.252756073618	-0.28576202068
-0.0779612580446	-0.255997533167
0.360601079195	-0.913278800483
-0.082595447742	-0.190816643745
-0.193809712547	0.715761133042
-0.554982408514	0.64870119081
0.765276501012	0.91909982609
0.550072067762	-0.535548855694
0.190035374633	-0.696943107344
-0.961536525067	-0.865431196443
0.472439932562	-0.948390777793
0.131710693116	-0.946249878589
-0.803121469251	0.858635121398
-0.751690932761	-0.605329841266
0.394093200806	-0.241234597484
-0.353411128054	0.871515606348
-0.035559058824	0.643070871807
0.813804108211	0.994830685304
-0.398913096428	-0.282881366273
0.661994927891	-0.702373820742
0.833094039865	-0.759861920578
-0.215120544991	-0.877944662493
-0.496212768086	0.741918623588
0.361730545022	-0.919684849203
0.2684386063	0.713147140769
-0.679486547677	-0.886930951623
-0.875372008211	0.35205412892
0.825742908238	-0.473405766147
-0.864593635134	-0.580544116347
-0.288025773404	-0.205710241162
