-0.311216194076	0.477145314855
0.144626609267	-0.612139811418
0.164223658491	0.539633720878
-0.20509516342	0.577082959536
-0.325781144346	0.702969051915
-0.554565172685	0.469709928217
0.8796992361	0.0349965664777
0.0197619833525	0.273676511575
-0.798398866027	0.998420122199
-0.891056104177	-0.987764349306
0.185912527149	-0.581479250853
-0.220956969039	-0.856289925531
-0.474696520309	0.231290679765
0.687274999411	0.303566775465
-0.0972095771906	-0.547322807915
-0.576574341987	0.721886031183
-0.306897143244	-0.304841621693
-0.402777861377	0.51153234655
-0.645633745543	0.468918733548
-0.781251312049	-0.723914006265
-0.757498762508	-0.933919289579
-0.728576550777	-0.233223655114
-0.555172959493	-0.912132076741
0.00902127712583	0.40615625144
0.604146443529	-0.183756978189
0.924511886168	-0.170213391943
0.315451771662	-0.61714283227
-0.369742592279	-0.455570357536
-0.430558803897	0.388068464556
-0.00937479975287	-0.741989744924
0.115792166597	-0.0535520994119
0.216039700313	-0.208001843393
0.417791191337	0.874424134316
0.70260993974	-0.582842858688
-0.868326090149	0.5799303075
0.726700730236	-0.641740354497
-0.926824371891	-0.885935691167
0.303179315302	-0.949966962612
0.506474267851	0.626814595231
-0.228851064447	-0.847707326476
-0.0765379513658	-0.245894523317
-0.727323585206	0.011025146307
-0.419356544965	0.370529761155
-0.975343065024	0.0406990931404
0.648468558761	-0.722909151208
0.464354969029	0.827276864596
0.00602716621939	-0.674892624992
-0.107688486725	-0.923906563759
-0.429649431275	-0.295970374078
-0.187263992825	-0.702663697921
-0.894414190149	0.407844155897
-0.0515949181373	0.35162232879
0.684813224396	-0.641731005746
-0.154406235575	0.547336958682
0.538704883088	0.142820754991
0.549396054305	0.795758684936
-0.328643767122	-0.50954359558
0.495551933056	0.0972942449118
-0.400191578728	0.87073928623
0.406146950832	0.189766142168
0.862175415522	0.978804793128
-0.36767865498	0.662627405898
-0.888453248885	-0.94685157698
-0.743138583686	0.141309808361
0.0930650154685	0.00647974832968
-0.952704678667	-0.242090164567
0.113714469872	0.672937047007
0.155216811583	0.183973177967
-0.771681536225	0.629973865387
0.418445785058	-0.37226192947
-0.26334385058	-0.375222598729
0.293255352746	0.307904328814
-0.0503114319823	-0.443335240931
-0.98742443943	0.826872715922
0.365271616245	-0.37411550623
0.112686299854	0.318808268495
-0.259027600178	0.803785360515
0.0128183262998	-0.649652068876
-0.73348581824	-0.548207727283
-0.223469568057	-0.483790422232
0.626526351917	0.699800102082
0.662231580232	0.382612105912
0.426596383639	-0.0777727763504
0.304232098946	0.885722083676
0.275041280327	-0.245619135748
0.0804981402009	0.0775759749867
0.100657231981	-0.206799349994
-0.832466726549	-0.105861531037
0.202807258167	-0.791791625559
0.977813884891	0.296992780669
0.25670967284	-0.731871088142
0.335905457126	0.151755961037
0.308693047157	-0.718316505737
-0.838606380503	0.217604320624
0.585128684691	-0.940066296471
-0.194306800535	-0.469446688863
0.0966955903585	-0.280327685434
0.273867487862	0.936780305888
0.519094102924	0.871853454821
0.755093260103	0.932670706518
