-0.567817385539	0.384725642662
-0.762595590343	0.966080125238
0.0608297793024	0.411313411872
0.936863696282	0.0920646012668
-0.878235011943	-0.657245916124
-0.799679076636	0.442358545839
0.997550197763	-0.567802490638
0.983605460527	-0.907774364172
0.912060242759	0.952376545524
-0.0284517911465	0.952520316076
0.862797162952	0.783640375465
0.142864141277	0.684511219408
0.866600969618	0.628925307772
0.25191687191	0.399887108729
-0.391002670651	0.000682063880781
-0.159859522334	0.209205907224
0.733803224025	-0.695709679456
-0.754020373328	-0.201675200651
0.502366675586	0.622106680746
-0.15923079947	-0.554747517411
-0.238142766437	0.476469251317
0.764087695728	-0.730334478337
0.0854462387197	-0.232530293045
-0.170257066645	-0.812959670582
-0.0149772277156	0.487264831125
0.850874618549	0.250803238874
0.696146876254	0.612328314194
0.65488317174	-0.522409849134
-0.365003281366	-0.477428153914
0.352200420681	-0.409967380221
-0.295613698915	0.125740485125
0.0048002589576	-0.960839220904
0.376330996394	-0.14252098032
0.502633385432	0.436330926464
0.880963051026	0.164881704242
0.103683572053	-0.709663800004
-0.479728890498	0.142025639163
0.646505051208	0.883042989233
-0.490328410403	0.358283315368
0.194444390228	0.893230957487
-0.431343795226	-0.712650868678
0.0684733533261	0.987602772002
0.312257084631	0.81867868343
0.092482483792	-0.802815635154
-0.871972699587	0.166691829361
-0.0150449040645	-0.267066304593
-0.73248386452	0.467509082126
-0.780900834307	0.382358404932
0.841706696233	-0.836789242345
0.60869704231	0.737850888438
-0.87136435106	-0.424725257776
-0.772406961162	0.369396013776
0.0928039782521	0.534556346786
-0.874081521235	-0.586586998169
0.499026209019	0.171424658428
-0.29189644763	-0.979875231322
0.439715636416	-0.975765196152
0.795897518977	-0.0185409266306
0.093039126609	-0.0308475902191
0.724402448484	-0.667657476013
0.347177338531	-0.0790896288937
0.230753106285	-0.653175984205
-0.655491961374	0.0741145552878
-0.0564113861061	0.823320008793
0.30164940811	0.422750276433
0.410555162827	-0.772394198391
0.311170885486	0.676007461848
0.495024075574	0.0951289443962
-0.69221590367	-0.880949211483
0.473780128552	-0.0303874637343
-0.895378704208	0.515177822115
-0.385031948823	0.769121323344
-0.202094822344	0.361302972162
0.52530870788	-0.13788211848
-0.544740418196	-0.546773967822
0.0383318900504	0.165707851139
-0.576434779463	0.153488219992
0.279477936824	-0.080214430923
-0.697692755195	0.802090250495
-0.592668579922	0.174159285375
-0.929679846219	-0.425687106952
-0.360436350272	0.584722903555
0.967315947445	0.137294552648
-0.775752024803	-0.865973934363
-0.146808469895	0.349223916037
0.905327520557	0.389890063768
0.511048503195	-0.0362850201664
0.653318930317	0.976703622116
-0.752077670107	0.758057216123
0.605758957837	-0.259076111248
-0.263636759419	-0.463488228278
-0.457388084946	0.443897470842
0.928455463799	-0.256885329773
0.827778221925	-0.747991056434
-0.128561394167	0.76669652105
-0.0261828464209	-0.244246758927
0.552045618676	0.925549584562
0.371509368661	0.279964237344
0.647985115164	-0.495913600213
-0.135474786231	-0.186970575758
