-0.0966384084485	0.879123790641
-0.25072014307	0.923133076187
-0.0334299552329	0.651576231769
-0.548888499683	0.739198771016
-0.895719541451	-0.535572032492
-0.0594042620685	0.329128393085
0.167505210248	0.239492728549
-0.879148316632	0.240470979125
0.389675754286	-0.121237943289
-0.746067351028	0.471723833744
-0.736134453687	-0.0397074444022
0.859155686349	-0.717686418225
-0.00467457711681	-0.521242303704
0.554200088651	-0.938241453911
0.840416564796	-0.438896954968
-0.941235306849	-0.708139074537
-0.163882402169	0.488841486038
-0.865546499778	0.602312441507
0.625431930761	-0.702090043785
-0.954616579249	0.936139072285
-0.0305990289732	-0.171147116476
-0.9922911045	0.819226416255
0.79990844835	0.805101844274
-0.921533854906	0.0469169046723
0.892651380403	0.655206938328
0.343871233389	-0.653639610954
-0.00501885539434	-0.686176400841
-0.35886375178	-0.0849687291217
0.116483561693	0.172243974438
0.0142498755328	-0.898762221715
0.75993992586	-0.701455694108
0.241691953105	-0.336689271068
-0.99564015794	0.984302260583
-0.848556869198	0.190782459276
0.752430220651	0.630263963201
-0.00216165106002	-0.460742816943
0.594324538358	-0.752788683456
-0.277725158014	-0.37527472634
0.757033099218	0.511608737006
0.650178253201	0.691351915554
0.257153469306	-0.442963829523
0.82259765502	-0.495098322049
-0.180074410061	-0.722429467945
0.483727451621	-0.70184033524
-0.842475155777	-0.691837728367
-0.0781640721521	-0.191485767258
0.263195859449	-0.902047617453
-0.871397633717	-0.878523564945
-0.890614829848	-0.202088389875
0.0283139621329	-0.0491910961239
-0.193706867553	0.411983631322
-0.565373309398	0.681366084789
-0.0385170035754	-0.858319848497
-0.443417705269	-0.419131840977
-0.5049417625	0.180576428043
-0.18390694141	0.804615682655
0.148691160494	0.295628386052
0.377665873878	0.97416029315
0.270049670458	-0.186521977702
0.0115121155097	-0.418214624006
-0.868406118171	0.141361533244
0.365326953787	0.399357623861
-0.407215614507	0.961629616664
0.737079110885	0.654958617346
0.162736218114	-0.0713389826939
-0.637965543329	0.880335662504
0.87281792516	-0.959404222435
-0.23687251278	-0.941190902729
-0.7358810102	-0.427847014476
-0.958529047836	0.514822878784
0.908398987043	-0.0590563900576
0.0826058905397	0.687005702652
0.0469329048357	0.876736326995
0.449002357752	-0.522846096402
-0.930260274053	0.570394917245
-0.0889369858404	-0.391993433559
0.291867415921	-0.484405680451
0.796583802542	-0.331885554624
-0.687715936143	-0.727683995675
-0.336673372903	-0.0162070070268
-0.587842033901	0.464703747361
-0.566172562439	-0.930974138513
-0.395650366426	-0.577610881583
0.311494253814	-0.538122142075
-0.133991299205	-0.0787532780395
-0.982667136381	-0.767600926367
0.847819306365	-0.851954803754
-0.954266956725	0.927010342539
-0.270999366918	0.0459569845645
-0.0749373367299	0.0680236851187
-0.404342688081	0.514753271902
-0.806378829807	0.374608500068
-0.444735945729	0.633456639552
0.943598603035	-0.391193256382
-0.322954755254	-0.595901594062
-0.0662306582906	0.996021414835
-0.929067611928	-0.214844810811
0.379899753543	0.847478619916
-0.0712149106284	0.272741705073
0.485085446996	-0.497007676083
