-0.911680646869	-0.363563132916
0.828008020292	0.987983711531
-0.456350223136	-0.154334475117
-0.907350182567	-0.57954462814
0.271317818718	0.90514506586
-0.214340936094	-0.44928517543
-0.0990515643614	-0.194347588653
0.967687322462	-0.340964582699
-0.676073690882	-0.237016483896
0.803050711188	-0.0459376762276
0.888250177181	-0.258255584911
0.578947321266	-0.753493375086
0.614827801796	0.340369432181
-0.873778953801	0.229972217469
0.57599996626	0.604447791452
-0.718638014509	0.925693277055
-0.71725874944	0.266131512451
-0.539206133939	0.789613008968
-0.294392197927	0.461399259057
0.544829308185	0.362895257975
0.984924186101	-0.0596565984555
0.455151030037	-0.294067519954
-0.520338552944	-0.925290984909
-0.0363208670852	0.390260021665
0.822316931294	0.5194279778
0.446672097702	0.727622587865
0.780190112182	-0.745851488904
0.588636971086	-0.23000052769
-0.214925135551	-0.634530630567
0.524670975755	0.971585896989
-0.461028013685	0.456517912441
-0.691675017218	0.551242958251
0.131475240924	0.926919185727
0.411435621229	-0.433006697949
0.246586262996	-0.989698590297
0.444073861012	-0.621526683218
0.0801457835919	0.939823147773
-0.970046260049	0.613059946663
-0.63895276678	0.246417966867
-0.587689622787	0.88135200245
0.765542712212	0.358260190819
0.411146923876	-0.0821973478646
-0.32717958929	-0.733378132573
-0.0524198969524	0.631374639633
0.518665359698	-0.98803932644
-0.802273615783	-0.230829195372
-0.652150622745	0.972104038702
-0.219917453302	-0.07255670586
-0.255933391891	-0.668249668184
-0.867675898903	-0.981161733016
-0.66759665939	-0.472943302193
-0.80266441042	0.621621422407
-0.606141624757	0.896541632196
-0.197777777313	-0.863760790311
-0.707379441406	-0.282937525696
0.787621772709	0.822779823268
0.923542972931	0.0138238949751
-0.935037130426	0.888774796785
-0.281132983592	0.425314657364
-0.296365112192	0.471835491267
0.500349816223	0.60578197257
-0.998618341644	-0.195800178399
0.291836381598	-0.421289784839
0.835441912413	0.219959156692
-0.143748320243	-0.555026745954
-0.722570516965	0.406993044496
-0.12560041272	-0.604414625558
0.610304390837	0.504934856137
0.207933739513	-0.0299621194513
0.338493146525	-0.963048897308
0.768858561429	-0.176120667832
0.285659806469	0.308382200219
-0.256983898815	0.824800420631
0.213265336345	0.805381131088
-0.841931132491	0.62992291628
-0.727810525414	-0.846930857674
-0.782248513971	-0.315871882441
-0.119448539108	-0.943717540315
-0.902920802053	0.360691711363
-0.622118767118	0.844264491232
0.570144625239	0.911289042367
0.665813969665	-0.395011336592
0.341693856022	-0.719140300064
0.233940849805	-0.619720287282
0.91189588326	0.28804102692
0.0951596543099	-0.643210933891
-0.371443921062	0.287243163226
0.390834809769	0.298543312582
-0.675755709842	0.9945251784
0.0075723882585	0.939742445186
-0.107291495864	0.798837113324
0.481969274826	-0.958487844048
-0.306447453792	-0.362115365901
-0.0816158932229	0.584042471214
-0.477119944612	-0.706400578009
-0.39963841915	0.313991715224
0.800695076362	-0.187724191856
0.572442338721	0.254690056306
0.869251196948	-0.00787883262616
0.363160539521	0.347065570018
