0.451771313328	-0.34390881897
-0.476793812205	-0.0519712239096
0.843954788142	-0.650426923024
-0.709758331365	-0.224456131977
-0.248664886493	-0.62841602515
-0.308904666823	0.231433745294
0.95784758486	-0.0395485148883
-0.419753808415	0.275171721253
0.954815264551	-0.734005596281
-0.606466183219	-0.605054910731
-0.277853884461	-0.659609456836
0.681484044061	0.978304062782
0.154919606268	0.0469128666902
-0.568769436123	-0.799658882674
-0.764375547592	-0.481521279414
-0.617702850732	-0.345888391536
0.823808995052	-0.752823677367
0.107348496993	-0.311901484716
-0.518394012839	0.140317484421
-0.76414070224	-0.253516510735
0.354063897345	-0.543214539405
-0.107439000001	-0.929875704316
-0.232857858795	0.272345096397
0.881892810872	-0.547520039151
-0.801778287049	0.209475189401
-0.19499813259	0.0694923196637
-0.452276310079	0.364444713444
-0.62592485193	-0.0188509783117
-0.249569447429	-0.805044664881
-0.197425419996	-0.441043254654
0.779714372169	-0.353280376835
-0.162335279721	-0.0267027661716
0.311521799393	0.245795513576
0.921658984933	-0.676559091088
-0.0973310092363	-0.598000887465
0.59871517063	0.201480644945
0.0152516867475	-0.14609451576
0.67593469399	0.889773603638
0.971667386433	-0.437601731666
0.579483879921	0.286860368009
-0.554530022664	0.2643842783
0.521087049965	0.361661163457
-0.158401620475	0.298221671481
-0.0612939669721	0.456563610216
0.831791885112	0.516596346339
0.578449541927	0.682526632228
-0.869637243975	-0.737894903592
-0.639176640892	0.240877840332
-0.114383428306	0.292582561705
-0.528050539799	0.545783403259
0.402291136311	-0.738775025031
-0.36305051666	-0.937719022505
0.0692343420513	-0.832157406995
-0.00678057968067	-0.965299142973
-0.0814606136984	-0.221484005389
-0.737778986621	0.451538426275
0.337269915353	0.988932676314
0.942875628679	0.521567173349
0.0262257557918	-0.742055227745
-0.924510139822	0.828336696306
-0.0171230685847	0.334730492212
0.0334884877096	-0.592430559123
0.723028363302	-0.0584903584576
-0.63350763236	0.249159432808
-0.904687394007	-0.444233960945
0.152748489898	-0.60833793783
0.421944204922	0.866009921096
-0.745617269781	-0.198475846105
0.0266807229468	-0.108103562092
-0.492777352325	0.241602775031
-0.256529267511	-0.0396922125201
0.274553657705	0.52081614185
-0.434020981232	0.00981719782627
-0.36916013112	0.416089681904
-0.686484455087	-0.766183245036
0.506412669561	0.705148195513
0.384156797325	-0.010710185995
-0.823181724779	0.969362718349
-0.639775486033	0.801054093114
-0.613359155063	-0.111331713751
-0.248581802866	0.872246714638
-0.445971515709	0.919120269293
0.369381208092	-0.277119121035
0.32870149721	0.729652390903
-0.0274644484176	-0.227723433275
-0.438152907242	0.617325862528
-0.573819091898	-0.678265374336
-0.807628424973	-0.383642319322
0.323573632143	0.920484613056
-0.44997794408	-0.109669814608
0.483013514512	0.232966533021
-0.763571931285	0.278288174311
0.69469108765	0.721782411831
0.435105239878	0.688761031832
-0.399152010253	-0.804861324732
0.0834098481325	0.643295132206
0.62003070585	0.996052602691
-0.0884983731086	-0.752520716323
-0.727240407121	-0.670594537991
-0.978153485739	0.0889218100942
