-0.027982955422	-0.721252507011
0.433502331012	-0.937244894944
0.787608208292	-0.704342422834
0.180660547163	-0.115735547898
-0.0829609437483	0.269483583275
-0.582047171374	0.333195974614
0.704680983491	0.273227741291
0.239346771216	0.00182233708304
0.418613992046	0.528292348756
0.296913205935	-0.723933195186
0.950671012031	0.314503710794
-0.374776277169	-0.775108579343
0.328842558907	0.799295080003
-0.387793905703	-0.737821994936
0.376548810328	0.06986353241
-0.182435669611	0.873835980941
0.112387884414	-0.330805198949
0.84313194651	-0.0263190807554
0.572792674017	0.257295792591
0.0638550728142	-0.975100512404
0.901319320275	-0.78833750744
0.232289709054	-0.0352381459818
0.252715705495	0.567631440861
0.785655410619	-0.993500411439
-0.677768998148	-0.0675906860927
-0.774145245165	-0.164056896791
0.646021790854	0.225051586233
0.542550007927	0.726465862493
0.399129669629	0.0808844986877
0.492685940671	0.170362481701
-0.399545916262	-0.498721540677
0.920380869135	0.834490240362
0.0201831246265	-0.553205787676
0.569251711182	-0.526362560982
-0.837589482973	0.839079153301
0.352784525393	-0.302001831518
0.644265453753	-0.431294059727
0.713490739534	0.0109300839405
0.50388899044	-0.120250425921
0.752284709012	-0.952395365749
-0.326115695658	-0.149387122098
0.294759296916	0.437656184307
0.483765377103	-0.934164780757
-0.267659150379	0.443940666673
0.484999716339	-0.16369324966
-0.687221496217	-0.295194643012
0.938402145133	0.345857650673
-0.169637858855	-0.943162085814
-0.299267385184	0.732170247038
-0.071332175095	0.456766244892
-0.45762333073	-0.690766080758
-0.859163825305	-0.354877399128
0.231472087128	-0.479892658497
0.68925501421	0.594053556764
0.134272360359	-0.796387052246
0.45012955503	0.840326810798
0.801753942674	0.217860677416
-0.339643617212	0.398694223866
0.0916845138199	0.980459921187
-0.999832187919	0.354719186932
-0.4647093394	0.803125484478
0.659944336065	0.62949351226
0.618517474281	-0.151539542207
-0.27073274469	0.644704932513
-0.392950082297	0.772704629404
0.817537466826	0.397134127907
0.842300764858	-0.483849108404
0.245051800928	0.540152552006
-0.500129065105	-0.390748654025
-0.200259538686	0.803904433715
0.533689561658	-0.681227316009
-0.0343623393409	-0.843522423729
0.396564996207	-0.517449500334
0.394955147812	0.768509291186
0.192156584813	-0.930730926161
-0.889283151677	-0.682211939029
-0.054211014862	0.942185204032
0.35906026884	0.68447284052
0.0948987340424	-0.166056970191
-0.767066659997	0.356934653967
0.257482795722	-0.0275989289976
-0.825965734511	0.749372477763
0.629172808691	-0.462299556889
-0.835529166264	-0.293010495717
0.366312812859	-0.575583699722
-0.385857539543	0.746353944753
0.163883692713	0.529512697427
0.0736316776027	-0.760923636421
0.0944034929974	-0.725767912899
0.0551511834097	-0.00318958331708
0.695093857681	-0.506181188166
0.11673300858	0.815393802531
0.399615401269	-0.634954791994
0.567773623608	0.299422221451
0.940780661239	0.161436214687
0.885462817045	0.584713698178
0.558766097	-0.0653241708193
0.987100188521	-0.0721934480157
-0.814863760639	0.273826179252
0.0404393890314	-0.96725545083
