0.170418164548	0.605336425666
0.934670996103	0.484985588709
0.163972644598	0.50228923192
-0.158154613311	0.190157397752
-0.028066087623	-0.180778653229
0.512607474479	0.754874318072
0.0834195311094	0.615387682163
-0.375131177614	0.868397655654
-0.313915801503	-0.493301022597
-0.331191343408	-0.0890938630711
0.610152556051	-0.924203096475
0.878715510345	-0.0628757197505
0.988535490021	0.37790501066
0.374774556021	0.602207397813
-0.219153713268	-0.253891071493
0.864871614395	0.457046969546
-0.258404494075	0.308040688929
0.041067568521	0.741843227923
0.0193544221766	-0.912792757716
-0.379361545602	0.513437687551
0.666837407603	-0.301724501873
-0.0696460446913	-0.21410285134
0.130593590843	-0.569902176358
0.836963884834	-0.558132193812
0.222465665499	0.883641759372
-0.606011236412	-0.725376916264
0.395632612334	0.622064247573
-0.14342805649	0.32824383108
-0.524637694128	0.498286068039
0.545536137605	-0.96926387515
-0.196863665166	-0.800129498521
-0.646759690533	-0.253849754706
0.750817213098	-0.582432948368
0.541805609381	-0.00182169164018
0.325621651263	-0.771243613131
0.0651723200533	-0.62515946731
-0.885057020476	-0.957532472243
0.384163571467	-0.884554234443
-0.12512717913	-0.807641569189
0.102878902409	0.441017947894
0.229747028746	-0.706333050034
0.190478989508	-0.808799855674
0.759244769162	-0.6687981109
-0.000274154010066	0.844764303346
0.947284037593	-0.854327140132
0.893622496148	-0.481697214471
-0.307941289479	0.205790500895
0.854830707887	-0.679437779198
0.952526769438	0.482049121864
-0.218862801796	-0.596277343833
-0.349066233115	0.248105583192
-0.196043422757	-0.137017504413
-0.659469047723	-0.817077127454
0.147933691217	0.058193130469
-0.0879422513209	-0.0953341216483
-0.0775007873291	0.30172469468
0.115141472383	-0.226927899266
-0.661782422079	-0.227634151836
-0.209291538651	-0.863237257719
0.594080163988	-0.202842350461
0.27465633987	0.0485693457464
-0.264670404585	0.298331896502
0.678053768761	0.401281922888
0.717105722864	-0.976983780337
-0.642104525561	-0.711045180799
0.4544619608	-0.296491440268
0.543293093877	-0.00055684263805
0.244370275341	0.4413333139
-0.470501849852	-0.275938974186
0.448818446406	-0.31384399966
-0.350445453683	0.449593112166
0.368520881436	0.80897805776
0.890133432405	-0.83410347293
0.137057831028	-0.180213295564
-0.00948807188832	-0.48558461643
0.278130231001	0.15259417228
-0.545743958793	-0.268454691773
-0.848931778824	0.994222391953
-0.564534473585	-0.714630552622
0.423734545967	-0.336610264079
-0.518204915066	-0.488348599819
-0.927932103713	0.737941499215
0.738600691407	-0.211582940716
0.457538946745	0.915759629512
0.510636004586	0.460313705768
-0.0594273930278	-0.699525045681
-0.125877998862	-0.0642552259591
0.315373082038	-0.512943559694
0.567945971362	-0.750228395159
0.026384782636	0.751296856756
-0.401289741587	0.554096828691
-0.785938564488	0.652096444882
0.341058396057	-0.711759212744
0.959097070008	0.2913305016
-0.555830995004	0.446324115224
-0.441131856489	0.215334403039
-0.644228979873	-0.345735127175
-0.859664920887	-0.196299751006
-0.106325161386	-0.55726852401
-0.8881172295	-0.691060542589
