0.406858598084	-0.275658875342
0.982893407317	-0.508948929835
-0.719875332432	0.166529384597
-0.343955705024	-0.13710539065
0.148148691071	-0.707366762587
0.576371781795	-0.876773141276
0.416668166681	0.919150510078
-0.108103146064	-0.852610452275
-0.541524538109	-0.358716688242
0.031038496883	0.613124872055
0.899005695625	-0.98840712345
0.798890598804	-0.505078989689
0.917893796373	-0.467128642511
-0.496284874663	-0.352723676783
0.786593983802	0.470199432906
-0.916189934378	0.344046114225
-0.887827201148	0.0518976729468
-0.85887541024	-0.285064000395
-0.44898554455	-0.531131023449
-0.332442712009	-0.754512486619
-0.00858605345719	0.0895362651608
-0.462494184681	0.840607989635
-0.122132604789	-0.521765990015
0.0456360076363	-0.97035005403
-0.427540861214	0.976897353077
0.561256396861	0.379001889636
0.747288097827	-0.269183747405
-0.243813534749	0.574455788349
0.736318516989	0.72425845896
-0.450207877099	0.545876836529
0.536064801768	-0.583142633687
-0.101543705625	-0.156236772102
0.883446193412	0.142032901576
-0.880527622919	0.492588141536
-0.37602848183	0.406607583847
0.911316888713	0.839190514193
0.0624933787833	-0.980186329175
-0.934411241425	-0.098637247565
0.84028972339	0.670610217169
-0.652052978385	-0.250801594288
0.145941467033	0.509558882023
0.285651773508	-0.966534761099
0.75876051176	0.0949916697235
0.503478260306	0.322004872881
-0.693051109062	0.456532263261
0.202519316101	0.194644880948
0.328037830065	0.0988703324154
-0.493113746697	-0.628419266246
0.778147726445	0.348528377265
-0.158445978113	-0.0312318646216
-0.0401947323618	0.840419597044
0.878198959456	-0.821840566946
0.625053520004	0.397771385815
-0.656075145509	0.740709449626
0.247920992417	-0.661723927891
0.935541503717	-0.707068775378
0.208696178113	-0.83942709064
0.956311273033	0.830099733568
-0.738378765367	0.274306066209
0.307275551894	0.0602778524774
-0.793479400953	0.761634117274
0.742802038974	0.753909033658
-0.75198020385	-0.199849430563
0.462940748228	-0.432958806659
0.747482159479	-0.232217605315
-0.0612385940028	0.522482595538
-0.775636765132	0.160398624077
0.0985457987807	0.750048033348
-0.551134779035	0.833521968802
-0.14988179497	-0.982493682436
-0.124422566645	-0.0671460427812
-0.280121069378	-0.657758868226
-0.236250128872	-0.914961338617
0.976426804334	0.164393924091
0.347584637574	-0.275522081568
0.773621872241	0.298744851099
0.518623155591	0.361197329643
0.983874333074	-0.484434178297
-0.160450974935	0.737146455074
0.854843917626	0.470512748458
0.392545912066	0.69885683894
-0.756889229747	0.315256636371
-0.0136343023494	-0.280120410147
0.51341883359	0.0936719557621
0.986785874767	0.991871197833
-0.6528637449	0.0649277675076
-0.155802739773	-0.756723840288
0.692632940713	0.267316464295
0.900220182408	0.629401893829
0.706825591991	-0.152672759321
0.085113552107	0.4252007053
0.334580354142	0.179254027866
-0.815510315442	0.269358899041
-0.101151212545	0.389494635644
0.34369053827	0.654249153886
-0.123707176641	-0.124731325832
0.354700747614	0.0178224076555
-0.719998372185	0.440876487328
0.788445145418	-0.991513834183
-0.579421959131	-0.116970807909
