0.0366168622735	0.331845136715
-0.0374528912229	-0.190791222524
-0.143119794216	-0.368055563895
0.530694318406	-0.283654237927
0.0334320702798	-0.989419950425
0.792717503311	-0.271432313518
-0.541475019438	-0.236452983242
-0.0221089094457	-0.984672151074
0.969918333696	-0.565813911912
0.917853023444	-0.295801243515
0.09996265713	-0.430141745641
-0.891790137599	0.276252659408
-0.752014130778	-0.525867394133
-0.204232821855	-0.731190076277
-0.025930181611	-0.280505332585
-0.311465899723	0.269528383685
0.260046747407	-0.321538089575
-0.532240687873	0.755622763253
-0.77390548295	-0.230181349851
-0.465585588683	-0.693990904522
-0.15194791727	-0.221507307253
0.461844015539	0.288987767717
0.443555469676	0.236218379826
-0.0651666082398	-0.60405698909
0.127635702235	-0.505961804272
0.34819249976	0.867236485649
-0.924970588717	0.584721016127
-0.93135452318	-0.795774077847
-0.7799715936	-0.624531655082
-0.893726209343	-0.586173302248
0.477139469937	-0.315999217175
-0.901022922639	0.559505176072
-0.426933676306	0.990669917655
0.78611139127	0.478515988213
0.604103749385	0.854901634844
0.440878444756	-0.412443845946
-0.540912294478	-0.859565053754
0.505809429171	0.296589419284
0.244974497465	-0.605377971731
0.953947079958	0.672151228785
-0.555027199392	0.260297879505
0.232224431846	0.0891748637217
-0.558525874447	0.773231343943
-0.105336907476	0.695378697952
0.530798745736	0.742828725374
-0.654556814448	-0.231305818385
-0.749119768586	-0.711672985091
0.486799882712	0.478236884445
0.676391985247	0.457306971647
-0.654446359576	0.447851730591
-0.430643087914	-0.410867009908
0.903171069958	-0.414436313446
0.679604830838	0.845275394412
-0.873375636511	0.803139293345
-0.482474077395	0.508842434993
0.660728831104	0.233696236917
-0.192061497568	-0.33578561488
-0.46087734647	-0.00111164826497
0.0210154083608	0.183362742094
0.374049615682	0.47329250924
-0.817304174786	-0.182875859937
0.0937754066125	0.982555703744
0.51259751282	0.844932802584
-0.596268591432	0.557413927739
-0.801529060366	-0.104687441247
-0.734792170491	-0.653367306049
-0.0411658940984	-0.373308817765
0.00866652956145	0.982185856553
-0.36488456582	-0.319760608807
-0.0649392543633	-0.79579571525
-0.959305245855	0.758527010062
0.464001754673	-0.454964051144
0.591771797226	0.727002375161
0.924356773933	-0.177987419391
-0.136524842297	0.429179226818
-0.383455500261	0.326461852618
0.00186957239863	0.177659851153
0.10250103499	-0.355611295672
0.413431726283	0.728031081092
-0.455877499471	0.742782034742
-0.700837957541	0.555456991096
-0.415110108261	0.380219995318
-0.758035624519	0.0681277673305
0.567651451362	-0.77682731546
0.52704537987	-0.715556638525
-0.655036317997	0.211979795701
0.657477798161	-0.480429947731
-0.808676217846	-0.285793430229
-0.304417447422	0.236780207915
-0.827552821462	0.145520864002
0.317093049937	0.668421728491
-0.572449364157	0.365692422804
-0.921801026214	0.404196186505
0.645580968505	0.883403457823
0.509679733619	-0.217944001481
0.389251503478	-0.334878831146
0.390505700631	-0.496966270284
-0.394305694296	0.567171855173
-0.0558936008917	-0.626145886786
0.162785943857	-0.957369519452
