0.438696356881	0.308110335867
0.716486661078	-0.125695246837
-0.23299607466	0.594666065216
0.11376841833	0.292908322445
0.903240115297	0.0392720663596
-0.902860915693	0.63660783429
-0.762705604481	0.541622819335
0.156118999963	-0.626531531306
0.666394669095	-0.0509302411664
0.037110654212	-0.0777883247424
-0.005894444001	-0.99172107881
0.606805995133	0.119265123727
-0.616240923263	0.426489022675
0.191390086168	-0.475898670329
0.679370804793	-0.782056217527
0.466895828847	0.101916462737
0.145179818581	-0.913412485134
0.842106577827	-0.00690333079281
0.753825207861	-0.30365771609
-0.0208696126847	0.574179670716
0.137708674945	0.78280414199
-0.061820710701	-0.641124329948
-0.992161760401	0.167319563642
-0.570645813362	0.622288012737
-0.846405335325	0.427485711754
-0.898792348966	-0.0616141298006
-0.421801702857	-0.0441391377567
0.601716130526	-0.956134038873
0.437292615088	-0.497352695457
-0.304081384604	0.200042466016
-0.00136593220239	-0.236401665277
0.806185073297	0.658920992433
-0.71473186174	-0.548622075225
0.679401764918	0.878283653064
-0.0674486777638	0.107369471574
-0.7060133527	0.0661236943511
-0.44653646361	-0.482064546687
-0.862748539458	-0.999030616763
-0.0504698640111	-0.202241607732
0.68021375799	-0.97724111248
-0.701068374528	-0.838973244222
-0.497854617658	0.847707023218
0.576495880019	-0.0761593130096
-0.904275746301	0.0404526257519
0.106648204789	-0.350063564927
-0.760686350958	0.756303436797
-0.977255788387	-0.583287869524
-0.820991985967	0.387364160617
0.192758751032	-0.175894073876
0.772902923399	0.438200547485
0.33616066609	-0.247759083392
0.815500624154	-0.976457926983
0.351320314623	0.99010718892
-0.625224685218	0.709633029061
-0.124986978824	-0.0401108957125
0.796585659431	0.422680847448
0.723565230869	-0.828362072356
-0.582698792961	-0.198485700832
-0.9171857728	-0.388671306173
0.51885177101	0.108815932269
-0.816146524575	0.934510746258
0.300618400808	0.637059034478
-0.294410366313	0.6697443191
-0.844765701723	-0.823723366122
0.198632232	0.0157455299866
-0.98475410287	0.883707462302
-0.297769046536	-0.620032328694
0.892239147388	-0.473624082173
0.804507192159	-0.456378396421
-0.795980660395	-0.909286956109
-0.0748006715594	-0.508083320014
-0.225899600716	0.156746483911
-0.706725631474	0.234851994309
0.954142682178	0.226529805176
-0.847763589974	-0.215893917868
-0.714698011849	0.132242372616
0.0731116518182	0.704053529845
0.911581516977	0.887532204482
-0.38603145987	-0.696280242921
0.62952170599	-0.20273322623
-0.396529467784	-0.0379264087783
-0.625088079206	0.269837128013
-0.514439628179	-0.222230664699
0.594794908996	0.331055878091
-0.490603182855	-0.739113300404
-0.775918464811	0.477127167108
-0.842498583523	0.932415596154
-0.133311777698	0.264579254621
-0.673564910912	0.984779856521
0.867584315186	0.623521154152
-0.710006537979	0.0434906733897
-0.391607207209	-0.0300945483257
0.170830284446	-0.37465250903
0.616186924	0.414417172193
0.222998208281	-0.160263658409
-0.494640642351	0.666363976049
0.816244783361	0.854980051643
0.484960112713	-0.669836033748
-0.288659644347	0.131331279978
0.0477672069872	-0.393240901284
