0.427662573097	-0.584377928504
0.0112483388566	0.810851817459
-0.266318252791	0.991778094759
0.602577906318	-0.650321739949
0.559320552727	0.826636974931
-0.427511563339	-0.149158238609
-0.703806107937	-0.143328711049
0.991039405827	-0.0241142113466
0.702648483416	-0.579955436618
0.924829242073	-0.06092503795
0.253160974636	-0.0795467694972
0.856660010029	-0.246008374321
-0.868824747801	-0.89932733795
-0.290258955247	0.335391757869
0.63024456631	0.986591664068
0.829036910343	0.390442354194
-0.697234536238	-0.0425973943041
0.0932529264731	-0.446960015311
-0.0469633676276	-0.706868340225
-0.603784064718	-0.644797523147
-0.195671908855	-0.102980769999
0.961507766005	0.443140154904
0.208055524912	0.44150990161
-0.927455929111	0.669628600761
0.833326074814	-0.33953615902
0.24625673851	-0.541963734071
-0.679166575491	-0.113892658431
0.844406509236	0.161210219855
0.431633486839	-0.915101822177
-0.921702587304	-0.655330926428
-0.174112478189	-0.982542000611
0.638769582604	-0.0900531744026
0.767123856687	0.42238603714
0.0523799602338	0.148903740195
0.230579505514	0.192905448413
-0.272937692415	0.234381129358
0.844528083204	-0.304709652718
-0.979684012784	-0.79495025189
0.0923790021127	0.656346135892
0.702197290215	-0.978208063462
-0.684667908855	0.13286253791
-0.548083213426	-0.599339789798
0.448175815352	-0.433830854451
-0.611937280869	0.604678080966
0.00523639259512	-0.0167039299626
0.639564200413	0.508626862726
0.516079693443	-0.382261487057
0.868405603267	-0.0511820326709
0.306182718546	-0.623823590601
0.375301116871	0.118273857663
-0.867914484114	0.333561254716
0.957658086902	-0.624830032605
-0.693086303813	-0.307914083143
0.538077084252	0.469929686468
0.48128127397	0.140620328761
0.432694592472	0.329124593987
-0.324982033336	0.133576280044
0.884037052997	0.313509109085
0.827033246845	-0.784094616565
-0.970029180683	0.374857697424
-0.650829183521	0.785683338971
-0.772425242811	-0.521333087929
-0.240677821774	-0.968368965783
-0.423362833579	0.476182532572
0.440364202419	0.826740549012
-0.935703200308	-0.139261512445
-0.918381441925	-0.979747846897
0.834984436108	-0.764174798591
0.800726060745	0.129471943495
-0.0569750224645	-0.60919940341
-0.214037935101	0.797516116887
-0.508751555943	0.0516579933381
0.167651613505	-0.996481680022
-0.72576013575	0.814853437665
-0.410244884046	0.394685318381
0.583957540279	0.0333639285749
-0.085105940388	-0.0373523248659
0.379046792499	0.453063859203
-0.797424620096	-0.134745659443
0.546109636163	-0.636428885132
-0.325141502413	0.684158655005
-0.245246924687	-0.935046152235
0.154498326286	0.876727818806
-0.889939044629	0.00141753571809
-0.772090405887	0.345037485086
-0.666946620682	-0.0897763941076
-0.606348459689	0.831579018205
-0.569350794889	0.100972482813
-0.193336844604	-0.434578022057
0.223346258315	-0.633581386878
0.264107965705	-0.393764201337
0.83275146093	0.532598166835
0.793601704315	0.177869363991
-0.555740046066	-0.82541817105
-0.0850891255989	-0.685256639021
-0.740226603993	0.799293727754
-0.444671815812	-0.742961414618
-0.668767935902	0.0420417739804
0.966733183242	-0.58752907101
0.0204891093219	-0.319430808386
