-0.448600264014	0.193341275771
0.9037239583	-0.776656279292
-0.685536153914	0.829010420558
0.849646736813	-0.374127575104
0.895251661797	-0.41842800281
-0.865822555042	0.283422683732
0.640328317159	-0.39298958262
0.187355461097	-0.516419994627
-0.736926938852	0.653720033491
0.405130559854	-0.0303760998812
-0.441189529605	-0.637095317036
-0.122033898122	0.079666590658
-0.941075729153	-0.161236011367
-0.402142996712	0.630965006309
-0.626600314565	-0.848301572066
0.60819627447	0.760251870614
-0.165156163883	0.489103185342
0.518884501222	0.121298855265
0.647624540631	0.660905324146
-0.250790704206	-0.597094680157
0.227010069138	-0.163236836437
0.501431373494	-0.563998108484
0.634706773146	-0.480073443158
-0.424163780201	-0.102782420102
0.920382778029	-0.814246888968
-0.875090489708	-0.677310289162
0.273235432519	-0.246658401607
0.355289426233	-0.558140024978
0.0513030880881	-0.239492908884
0.766323872567	-0.952621818596
-0.800097930137	-0.100742499948
0.507521427828	-0.984739444294
-0.363227113455	0.215239513499
0.713923952461	0.10241889293
0.0649102599279	0.724106814081
-0.980454206743	-0.227018652013
-0.101198454139	-0.791433121101
-0.70073215765	0.856814856933
-0.192700635529	0.294205840242
-0.37201262105	-0.463177237779
-0.749534860484	-0.0652591954102
0.780192706539	-0.500440336722
0.626134158755	0.538257764
0.734213740666	-0.0752137744991
0.835448666475	-0.397554307634
-0.766845249961	-0.762982268064
-0.116588863727	0.947539501738
-0.485488021261	0.169208856338
-0.0376614802284	-0.187455359809
-0.734505711297	0.453547189076
0.605373981945	0.998736681439
0.998881206825	0.404663844926
-0.286367358437	-0.417187948922
-0.834401117084	0.230743518553
-0.370817769235	-0.389932801298
-0.831509214959	-0.213434492961
-0.00378501880006	0.965041375952
0.698074096394	-0.438871108087
-0.615794182683	0.318682334104
-0.933575647273	-0.379360801184
-0.393907070811	-0.879864648605
-0.517263999939	-0.955495370804
-0.98710109838	-0.624047579556
0.720843184417	-0.782889764142
-0.802350079114	-0.855456464933
0.518132202863	0.505980967151
0.120608775307	0.141209131881
0.193942468531	-0.248510779498
0.697337261555	0.519419169519
-0.795539211575	0.284906751596
-0.337677540187	-0.299508041978
0.212301850581	-0.413511810331
-0.0208574512196	0.83309171419
0.816312576618	-0.496809662711
-0.718163407256	0.852237822337
0.824068272701	0.335742972122
0.0571323773372	0.816998733129
0.207758881152	0.210221086
-0.240851766797	-0.488339340302
0.110843289924	-0.990802440017
0.375919110432	-0.0293832635968
0.133442025413	-0.0210235565062
0.857213660196	-0.148035085152
-0.129843521795	0.378799652264
0.987130581738	0.716306054425
0.842952407818	-0.800886819226
0.643987447015	0.923106974549
0.687619909778	-0.523923977971
-0.022910265342	0.683244507991
-0.44311609046	0.638763973504
-0.214049432484	0.773275203326
0.308235330732	0.166432181977
0.311116717715	0.503301254875
0.531111735799	-0.348460844668
-0.202053650479	0.574980446988
0.95277416217	0.991930733053
0.446034176285	0.319448976947
-0.533860868098	-0.407860494564
0.753911788981	-0.568936371907
-0.403838226877	-0.384082857719
