-0.690465321416	0.721424106734
-0.0700508020909	-0.111345594144
-0.448690756683	-0.2985848765
0.45920007681	0.364544690994
0.0286726289972	0.290081008908
0.688370944831	-0.487508085345
0.878889142428	0.518360963291
-0.220431786649	-0.889143949805
0.016480675941	0.254597848388
-0.452936204626	0.748807851674
-0.651875392831	-0.756137934496
-0.800965198112	0.444361101844
-0.237223295886	0.28222652554
0.418220910559	-0.369802294233
0.87694523192	0.100136236963
-0.297752004205	0.482291010608
-0.43886139305	0.243708740156
0.895097873255	-0.170533173538
0.826400126266	-0.57407907597
-0.988877993914	0.27252544935
0.653318528619	-0.707289613214
0.735930401821	-0.947517133827
0.458998039162	0.221229123266
-0.973402861257	-0.807729723367
0.84198439488	0.157782392923
0.16445113817	0.645777550861
0.28308511321	-0.0650659435864
-0.387905341267	-0.954229949389
-0.167203934039	0.90462621116
-0.094590402529	0.354707645707
-0.398324591764	-0.873816541941
-0.159950762423	0.855927169691
-0.0606435954542	-0.83332710436
0.157275490691	0.985700094958
0.467980495131	0.0821831627014
0.86308036549	-0.556424763298
0.610574700519	-0.907952504533
0.60653142352	-0.764411809228
0.192534977968	-0.334383991321
-0.918976473669	-0.897897683757
0.360070196347	0.95805300243
-0.956006065615	-0.966474522905
-0.484866792159	-0.884829868124
-0.470238228856	-0.432455746032
0.524238133448	-0.446654788791
-0.462153570194	0.0510691816347
0.777546388128	0.152561171408
0.219191258877	0.0252119966852
-0.982280916987	0.113060396963
-0.284272757978	0.0749655611793
-0.814346378021	0.293124911382
0.372266830421	0.752743582908
-0.558983541572	0.845946464494
-0.838147056735	0.784758539929
0.254390758905	-0.652771109627
-0.275223991772	0.401329049591
-0.787638005725	0.126004717279
-0.677575987503	0.988069845072
-0.398382266588	0.598487743156
0.589264498588	-0.743867455491
-0.598060201947	-0.695442653092
-0.923403472314	-0.00194664727742
-0.819641176601	0.214495067897
0.697192267545	-0.326577723452
-0.169236194794	0.327314573077
-0.101874421801	0.415605277384
0.911059363998	-0.15346701643
-0.00750764530249	0.9936239375
-0.331313471898	-0.23889153016
0.46665777327	0.684997347201
-0.87182738156	-0.436943751716
-0.927083432507	-0.679178925577
0.994906841588	0.10090626176
0.290607185945	0.72924835001
-0.633598782394	0.646168890261
0.58383848066	-0.225440861201
-0.99450092214	-0.763458769711
0.692302254973	0.80808930384
-0.110256748236	0.17429340551
-0.959537726274	-0.764567197891
-0.942506162705	-0.469194377112
0.476889066941	0.707955868993
0.983502440556	-0.511616091046
-0.551389293837	-0.00647961919483
0.428026463653	0.876938593441
-0.566951688925	0.984609482379
-0.676896874457	0.194983328816
-0.808478390513	0.914860872321
0.236723974403	-0.694682278873
-0.0932302109008	-0.612234541137
0.468166659192	-0.0466343278186
0.934688391582	-0.339309941042
0.292595470738	0.694017419403
-0.515183528106	0.829596177263
0.794628430796	0.28045243735
0.66557914659	-0.0698577022916
-0.635481063497	0.876989956107
0.296774074383	0.241970758012
-0.719989278655	-0.505627124124
0.573865886186	-0.0754971592636
