-0.640689042348	-0.0793945955085
0.861394719181	0.0766997982904
-0.0318917956551	-0.138542461754
0.073322084504	0.299747783908
-0.627847255881	-0.435468048803
-0.371193554442	-0.882266817334
0.81544368817	-0.64625599004
-0.879355701954	0.467088395928
-0.981776948508	0.450317949394
0.125161477692	-0.4413067391
0.399186447398	-0.718541181236
-0.139547117777	0.842484314265
0.488144103125	0.183633448707
0.993752314899	0.50855715067
0.499757247974	0.861116697183
0.0740784352526	-0.529507968456
-0.0559631792077	-0.904700855299
-0.420651736266	0.836870362026
-0.709451916971	0.00276067475763
-0.872323384976	-0.794548286493
-0.816774053008	0.249712059958
-0.264879543909	0.00131950615604
-0.896389098851	0.839991569249
-0.0960774300917	-0.0552092920271
-0.979048002032	0.73513383634
0.356475836225	-0.201238274011
-0.251610600892	0.387353862836
-0.690016234174	0.749370659048
-0.515902800509	-0.120917975114
0.679207039321	-0.847979896568
0.948781364878	-0.228559525105
-0.185936700761	-0.249851237789
-0.825988424012	-0.302349858713
0.704054441017	0.979513098886
-0.824604786708	0.94693743086
0.532793369827	-0.195990216765
-0.372463150154	0.39479850142
-0.334512374123	0.406713096286
-0.555369036692	0.634927803681
0.856322641279	-0.683922279948
0.565849775501	0.220323545107
-0.415757056757	-0.830027840764
-0.997319759782	0.887449360589
-0.812784265556	0.475927385965
0.754546989705	0.127758008229
0.298892743958	0.0890847122646
-0.123425242842	0.131679052161
-0.580705585255	-0.273454300372
-0.445947047014	-0.973465416956
-0.385848966112	0.951917503977
0.0880232105026	-0.238518304761
0.0313827985559	-0.846237239033
-0.544084364937	0.883040306068
-0.261949273779	0.36153256788
-0.366022959798	0.902600223931
-0.317377396565	0.513602719686
0.22036325342	0.362425581452
0.48810752549	-0.998159354239
0.376960933055	-0.114995404051
0.316711441006	0.365337638336
-0.216912773078	-0.399305910157
0.350511482384	0.650101277748
-0.0590301123988	-0.387795597445
-0.604790444969	-0.94898357125
0.308157756429	-0.96321463396
-0.57586107613	-0.576459191595
0.269563605651	0.603445970011
-0.139839738336	0.109850180731
0.6354205953	-0.388879809864
0.435174310059	-0.355378816894
-0.605653919228	-0.344126541945
0.228551357463	-0.628185821081
-0.264406327207	-0.126975044797
0.755824122026	0.627431073651
0.89097750691	-0.786787218198
-0.728768250319	0.527548988513
0.269783638944	0.951736607517
-0.668974060242	0.829292693545
0.0430596211878	-0.420184523845
0.108416112696	0.13577364586
-0.844620926264	0.347112020684
-0.661492307842	0.357709341994
-0.408093371396	-0.316307232434
-0.851981540325	-0.719974910264
-0.753878436962	-0.389667677901
0.893364037837	-0.458244977397
-0.605797323381	-0.104880146801
-0.445483754431	-0.130173692151
-0.259401047416	-0.568976756184
-0.844150263473	-0.0473011407455
-0.938199914588	-0.533982356906
-0.212428365436	0.863061953882
-0.185203921601	0.646076604908
0.724666022894	-0.730687762424
-0.987340211797	-0.779406275224
0.702758665936	0.018261837545
0.86172567284	-0.831667642233
0.763014323586	0.690423764835
-0.667035285081	0.809183893804
0.785299782069	-0.331404456932
