0.896811570421	0.81971650433
-0.0394940704354	0.829045695291
-0.216065251417	0.838551842249
0.878087609206	-0.960195261114
0.399075416156	-0.883166931638
0.689823887579	0.8842869569
0.489036368965	0.533458712619
-0.659418381342	0.489002151264
0.716890975448	0.579317172112
-0.293874565106	-0.7946703212
0.136965612188	0.252181355628
-0.670868119314	0.229332886584
-0.969417382933	-0.0592651457191
0.345116743672	-0.955745017263
0.399089408642	0.281032446256
-0.254221031451	-0.775407292578
0.686741587072	0.343539412279
0.545438086421	0.255174021432
-0.438302684914	-0.0711839530105
0.865854501686	-0.0710299061719
0.203797060233	0.395609872792
-0.0752669834703	-0.34180910897
0.898303986262	0.286387483254
0.355502282694	-0.767943472633
-0.839827009034	0.281624304041
-0.886536694969	-0.539482344157
0.0313200235748	-0.0110923646781
0.619432130976	-0.65043899916
-0.415654916461	0.997442269318
-0.0583929928061	0.846010913421
0.916852374414	0.335016996648
0.058687623549	-0.46046593035
0.313596172305	0.560525214692
0.740988133661	0.756455292853
-0.301823655375	-0.304116041311
0.631156910008	0.400709585207
-0.168418681804	-0.820990857841
-0.578086304226	-0.858000756809
0.712210533571	-0.684954860955
-0.310570323923	0.908895135833
-0.467797307542	0.173181384595
-0.478501696765	-0.387929645895
-0.67410831001	-0.636215858723
-0.769243590052	-0.632163871281
0.304779860374	-0.561064645057
-0.344084161673	0.826396055978
0.855256254962	0.206717754167
0.750084851506	0.797423895229
0.823781941751	0.647782649943
0.826172013102	0.73500832998
0.967825610337	0.768992625287
0.427559937751	0.226058913056
0.195074584726	-0.522260486726
0.961819296127	-0.776571820836
-0.101009218265	-0.1430542056
-0.549973725827	0.846274531958
0.0865933597256	-0.953739696928
0.216454619684	-0.66514484949
0.484147930871	-0.442796144532
-0.311027516775	-0.830390586673
-0.188920999947	-0.195826812549
0.914526358048	0.619228650909
-0.719665133228	-0.867820117852
0.779147945521	0.570323351925
-0.96065157877	0.335435132996
-0.705537221853	0.87441486893
-0.0729304424895	0.110749133515
-0.566467538982	0.234675523991
0.882573830384	-0.643565923319
0.946407994453	-0.703832316113
-0.473546237368	0.466845697298
-0.102854940734	0.20064821002
0.510562328306	-0.0396157643258
-0.944903878325	-0.254898396036
0.623806046164	0.0842304786091
-0.897659102374	-0.149643821828
-0.981146583366	0.573735968993
-0.914631246539	0.674032431946
0.850280032449	0.421044591243
0.747297456478	-0.152417375615
-0.945767972822	0.629222626612
0.107886412977	0.621112280697
0.706031072256	-0.103131976507
0.938810116281	-0.261290060811
-0.138862870608	-0.284646860774
-0.935059397064	0.281175741236
-0.0723257263109	0.80857774215
0.0721623925488	0.231227459253
-0.961226728848	0.395420344584
-0.77577067801	0.412847949415
-0.727798904901	-0.942033741217
-0.548474688833	0.81138835072
0.998349214506	-0.0122386496624
0.314179349693	-0.402723673532
0.60190520916	-0.224329545303
0.334508007806	0.608214307829
-0.0902704947205	0.561452783413
-0.954220492189	-0.483722433541
0.594319673689	-0.755916915583
0.299176777023	0.209707555411
