0.0791779379089	-0.841496009081
0.694054126318	-0.913139276349
-0.538096177305	0.355863707895
-0.0184487182214	-0.0471626280763
-0.653382961937	-0.235488232386
0.657111657846	-0.120098337018
-0.348135189536	0.157775659058
-0.785697949963	-0.903765383335
-0.282788329345	0.768254284235
-0.413120652861	-0.0567061502653
-0.609969720184	0.0387548713787
-0.976810073972	0.848098557147
0.751009967466	0.365334792127
-0.716384230936	0.248372859097
0.920789099073	0.600312807769
0.162275728403	0.00855515040617
-0.913078899847	-0.0507118250018
0.733438833297	-0.616827236192
0.29617418839	-0.514675153336
0.197808199097	0.978643994011
0.307999457507	-0.038055144076
-0.527663371396	0.654714238943
0.670659067789	0.608219392819
-0.66074840646	-0.78275549674
0.376721771696	-0.0296453109321
0.181454925812	-0.240937702752
-0.455563297947	-0.737298948695
-0.772484848302	-0.947429581981
0.873483899692	-0.839888146493
0.930585652213	0.0734046068009
-0.987227018465	-0.372889196615
-0.174329810518	-0.605142425293
0.721592206083	0.285853753901
0.824029404474	-0.46199987489
-0.851547437965	-0.0614247983972
-0.972904473082	-0.217232570333
-0.621395654007	0.330707073165
-0.0172163841288	-0.801957136335
-0.424784505299	0.388339307891
-0.441743821757	-0.526600823745
0.0157025751127	0.438091551263
0.438665902415	0.743316365523
-0.0814914839245	0.299524972408
-0.831214204484	0.790669487505
0.59291232136	-0.578680357516
-0.634122824236	-0.88275018795
-0.192018146749	0.65211385709
-0.0157935911602	0.302134812159
0.931890046017	-0.674408450307
-0.437463385498	-0.546594675963
0.781949700086	0.960218010692
0.314547784627	0.11109087564
-0.877632246853	-0.0574566559368
0.748199988335	0.0621616899243
-0.669335389739	-0.519141221266
0.666143535495	0.922122149529
0.826709850223	-0.859875443492
-0.610399364622	-0.0392534389789
0.857804381661	-0.217255031519
0.00948867816385	-0.606453969792
0.0925530892531	0.903980459767
-0.848425693712	-0.499858910338
-0.689992684722	-0.364035482204
0.887434411314	-0.128767424926
-0.561373338551	0.890618683279
-0.999419783527	-0.574684508414
-0.273906816658	-0.333287022304
0.551276764808	0.293081792725
-0.862455007731	-0.300678997202
-0.911997656075	-0.767722059248
0.497778358081	0.335673298658
-0.250783730745	0.835133214767
-0.636116901781	-0.0213055193243
-0.412134713655	0.397265442503
-0.581511983115	-0.177962813053
-0.434435471057	-0.762230410906
0.817689013405	-0.231302556062
-0.386476718663	0.203425231774
-0.0653617241238	-0.924216358778
-0.572256470517	-0.539612139478
-0.641618024373	0.303812938433
0.147044428781	-0.929355133228
0.241783214964	0.275359451427
-0.146606015442	0.730199113049
0.267059586347	-0.0364996671187
-0.56977085808	-0.725090559638
-0.180291380241	-0.226465081282
0.0223381438853	-0.783678290617
-0.058940565723	-0.0657070450468
0.857394788568	-0.219144998115
-0.366912888725	-0.752088446152
-0.17292317592	-0.975234690712
-0.139423785281	-0.21938125732
-0.202229308384	-0.512092189742
0.071277951473	-0.0410053919106
-0.90900041623	-0.386073639724
0.0503110595501	-0.218565301723
0.294318068673	0.815186786792
-0.548813624735	-0.565239174989
0.651383611727	0.210222147714
