-0.137581145886	0.625652571381
-0.0439635347984	-0.321162091346
-0.835468154689	0.922285662231
0.938737516295	-0.960393305126
-0.288317057892	-0.737300721062
-0.352169393071	0.608062586255
-0.00742408557262	-0.97255980163
-0.307180660604	0.026584901935
0.871144051397	-0.0679009840178
0.401236519704	-0.946509469053
0.00671514210465	-0.0114184780852
-0.473821333377	-0.616139426061
0.274034983782	-0.556301808396
-0.56155593949	-0.798495383065
0.679828970861	-0.832989038713
-0.808949282475	-0.980554033501
0.337862864658	0.136721580136
0.624051600334	-0.876179763129
0.433770825256	0.279964823864
-0.651515545563	0.414090939743
-0.463357618368	-0.682498961003
0.78021462076	-0.682154563256
0.33846985604	-0.458566741383
-0.559849296656	0.178053413582
0.751804341652	0.295706323935
-0.0815014315688	0.113838436603
0.0561811313751	-0.265250089281
-0.0441035394193	-0.880314686092
-0.681408312233	0.10822617287
0.863994029026	-0.644539918012
0.96400454008	0.889188562767
-0.719955674993	-0.661656817603
-0.613435001287	-0.928269331941
-0.166665717563	-0.198121196282
0.363310723832	0.778691302527
0.603995824697	0.446504557962
0.0982777140476	-0.46277187492
0.338569560837	-0.972271209948
0.843897167066	-0.163361129417
0.420852482987	0.734194078965
0.917958849461	-0.948379845872
-0.206463948357	-0.261898835362
0.843193730271	0.499677560943
-0.760578363121	0.0965982545632
-0.542896576923	0.637655946239
0.59448754127	0.390615697466
0.266714600816	0.473749824896
0.511228800328	-0.402690142801
0.701884067558	0.314066637074
0.0581448821565	-0.537576605308
-0.204786319095	-0.240096650891
0.104644633137	0.679265987171
-0.0498835942044	0.220565229099
0.773123115536	0.227635459544
0.286766281432	-0.901425233018
-0.93405714321	-0.750446552559
-0.996369096066	-0.411365524262
0.844859974988	-0.378650694148
0.437668675611	-0.236754920807
0.892289465425	-0.0265903247327
0.711998823694	0.403179189931
0.530966836463	-0.494463285107
0.86940954425	-0.178933032777
0.797997536335	-0.38476540257
0.587349720326	-0.92191829106
-0.732067977746	-0.973323498007
0.295415452	-0.582142051745
-0.722857498931	-0.00027357339732
0.633329452059	-0.875735762249
-0.358064194119	0.43447780834
-0.484290987884	0.558716102229
0.442332186558	-0.563595732883
0.157889059717	-0.643542681745
0.960030888363	0.852847830664
-0.57826280526	0.723314783226
0.762635056372	0.100734228623
0.558090959495	0.396933085238
-0.0813214408227	0.578619318601
-0.535809665817	-0.669747048016
-0.151222720423	-0.598797339971
0.546443013011	-0.621937922829
0.198302009367	0.738130075569
0.353830096642	0.939749134901
-0.348668242974	-0.817035714112
0.512672862777	-0.355472387258
-0.262613453801	-0.84595375634
-0.770174729752	-0.624317786704
-0.963006378719	-0.0813526908094
0.310151552899	-0.638894150818
-0.249174939496	-0.608791226756
0.609569707433	-0.469655994195
-0.514934923137	0.785859539724
0.0771590493931	0.286847368581
0.205867552237	-0.891051698234
0.458128114869	0.657448146054
0.378434841117	0.416627929384
-0.339019890105	0.349036512937
0.530841060963	-0.587330059855
0.823793471218	0.204746006312
0.763102916985	0.064779956949
