0.108953781734	0.959709034763
-0.406905912565	-0.387833454935
-0.339798479949	-0.70762644867
0.399331015444	0.465225793524
0.979690470089	-0.476083393985
-0.995433472279	0.985276017265
-0.679435356027	-0.404374960569
0.967935814611	-0.111428143078
-0.437907448229	0.584778306322
-0.670716211511	-0.103951024113
0.58321698947	0.386502330088
0.180063632264	-0.936665680191
0.107063139465	0.951888764328
0.40547326469	0.988932710222
0.187052982642	0.869069844925
0.852836964557	-0.363088508115
0.49164403258	-0.549167756726
0.487939024729	0.620749669329
-0.488226222993	-0.806069651013
-0.611576695124	-0.657290987555
0.72562042671	0.613456680098
-0.615909876038	0.759648654729
-0.00258228756698	-0.422843013253
-0.0509460113473	-0.664298911369
-0.786460983805	-0.257645756648
-0.333079708768	0.687854499882
0.814436314333	-0.498011661903
0.111986356355	-0.0351277992186
-0.018351422002	0.523747851734
-0.446265524785	-0.372469451105
-0.641368943447	-0.713666375287
0.478950117729	-0.387416630514
-0.933534182521	0.103851998682
0.292686699653	0.588152352107
-0.38933420552	-0.642414943742
0.653614414481	-0.679986460375
0.36155946642	-0.184534887326
0.918237985777	0.111396500944
-0.845149790085	0.556733906742
0.576090672035	0.297393142025
-0.446708887011	0.625537372748
-0.235672101791	0.402989140188
0.182327032719	0.251297764424
-0.68714670446	0.226131139167
0.472884833037	-0.605280125401
0.959365244824	0.659049213926
-0.298820419878	0.225515429849
0.696184538852	-0.237912542936
0.793362386798	0.85935428167
0.215951090699	-0.0882025001194
-0.69883049966	0.869438997821
0.167065033848	-0.555600595717
0.912934305572	-0.628751835776
0.208154909927	0.757381352843
-0.277556889821	0.126989011541
-0.986231557794	-0.351692917456
-0.732377997422	0.411245543984
-0.757824953384	-0.921130864358
-0.635282768335	0.441943162134
-0.163633974948	0.653473398027
-0.240282952541	0.259877490678
-0.724420713833	0.688746922474
0.410082458716	0.329578463384
-0.689008947605	-0.525557565961
0.296000387019	-0.34336594162
0.327436135174	0.186238700966
-0.187409819573	-0.991002311957
-0.444167207871	-0.19002348504
-0.801494622079	-0.521211790591
0.885643520047	-0.120968464336
-0.182621404487	-0.832029945282
0.428859458132	-0.21609616025
-0.658694948693	-0.794074798941
-0.219885731709	-0.273608217738
-0.649732837431	0.314006106931
-0.390347379555	0.636124078082
-0.211836991299	-0.474882724997
0.216846463842	-0.295469152043
-0.475307174812	-0.095186869493
-0.997493124863	-0.834609364993
-0.862193098402	0.557837236193
0.893215644919	0.848616249539
0.00283211662498	-0.42404191337
0.542352430431	-0.729200250384
-0.358259911321	0.417345943919
-0.798240827183	-0.93690753607
-0.850871228097	-0.46564983643
-0.581063961476	-0.185043278597
-0.265042144909	0.268436719083
-0.885802278778	0.175151013074
-0.768382398858	0.253000734641
-0.464797694863	0.280945333478
-0.808399016728	0.480297622838
0.513831771543	-0.918540161446
0.704257203002	0.793305620656
0.0666894488942	0.519698290066
-0.289709691959	0.731936115269
0.749751525036	-0.0711281813057
0.914768700594	-0.893273583209
-0.00547742666944	-0.510861254159
