-0.864426075575	0.22410939117
0.212289228137	-0.766079709851
-0.770017083987	-0.301027119106
0.607401873404	0.552118418396
0.173839263915	0.549920032767
-0.663438741573	-0.484608099408
0.993138384378	0.161639090104
0.713819001317	0.680474845951
0.840745958837	0.88917566511
0.801581869945	0.548351187427
-0.764889390295	0.536849713411
-0.186305396873	0.227347863086
0.194551761657	-0.857216508089
-0.172871650386	-0.212914237099
-0.0655105439405	0.683243223836
-0.241348509756	0.548972998212
-0.309884227002	-0.748055618598
-0.766764493351	-0.46436501236
-0.210627918858	0.647077208836
0.347561656392	-0.326461761776
0.601718174695	-0.952366097424
0.562357559158	-0.197454901443
0.49909773295	-0.878048984247
0.390660804066	0.998588570968
-0.0326974851184	-0.363713084456
-0.275293164549	-0.119653568003
-0.554972873587	0.355874656667
0.775472628178	-0.719163919322
-0.2313283612	-0.787415555106
0.787903698765	-0.832270072819
0.773794447904	0.500035176396
0.28222666561	0.969171379355
0.285555630646	0.706546347455
-0.178460102487	-0.666158354108
0.566997626978	0.931502956395
-0.837617826602	-0.612841053882
0.352591680239	-0.740764379211
-0.348329297865	0.85621631831
-0.819140785538	0.484093509573
-0.599291562732	-0.0941984678787
-0.317503826549	-0.171841526511
0.863009313591	-0.442528107408
0.372982816566	-0.161181893355
-0.54650062216	-0.311953074967
0.195206496269	-0.434929320686
-0.484564537949	-0.206749291617
-0.0443211980622	0.658313578648
0.492601913231	-0.811900954763
-0.187808442545	-0.217591307356
-0.447239368912	-0.722287326373
0.539328870131	-0.666142485842
0.310104450298	-0.0864116113147
0.139258890481	-0.0609077566396
0.652549043474	-0.244296093266
-0.725674542961	-0.104648318198
0.578961360559	-0.912728296237
-0.0431931107972	0.728555896395
0.61646587438	-0.51156341778
0.150295226624	-0.807037702742
-0.636079797268	0.881492608517
-0.789800804108	0.734824153004
-0.795465435669	-0.0979342334858
0.402161075233	-0.614561887305
0.979670528877	-0.0807480764455
0.36159303505	0.44637558552
-0.768748950492	-0.201563232335
-0.363820274008	0.658086058731
0.186792369301	-0.255195269085
-0.875996969131	-0.0697849414588
-0.60054479637	-0.317423370712
-0.266195242181	0.561619716871
-0.650792458899	0.0910583135415
-0.84620862851	0.756904269583
0.873730044342	-0.309092704846
-0.759832175257	0.35235719015
-0.00118644264016	0.890696966896
-0.787812928789	-0.437296089123
-0.0126018779225	0.47674674171
-0.659044725717	0.657380424793
0.833207290482	0.350697428156
-0.219931447159	-0.498871260218
-0.840643323821	-0.713553741647
-0.577154947968	-0.578146777821
0.908130331338	0.988907369231
0.303789032179	-0.255512149127
0.557703877487	-0.414812213858
0.663506733875	-0.439163560146
-0.204050419507	0.0834756011041
0.205124992809	-0.165469919662
-0.460216714306	0.87167902188
0.976351178205	0.741215391366
0.90612492953	-0.201496371803
-0.563838541488	-0.524355350753
0.948014571959	0.354521109729
-0.705114068095	-0.573273642596
0.557793839709	-0.86807822595
-0.942979793708	0.311398148429
-0.102786358063	-0.559144981882
-0.0532005020055	-0.705518246962
0.794083007008	0.105461434111
