0.354225894532	0.587304595261
0.672610647753	0.717236654064
0.740885541468	0.736677168384
-0.474204252729	0.144694693525
0.859361382827	0.856572210765
0.7745254667	-0.477235188647
-0.446939505071	-0.674193562306
-0.150959129633	-0.849484569927
-0.0380695922149	0.347429044377
-0.429144566192	0.829045944966
-0.0717916844958	-0.776879998903
-0.617827522129	0.647070355944
-0.152239509088	-0.807574840156
0.468376848969	0.315227102099
-0.0461069513958	-0.0317787884439
0.00943981771851	-0.301744917942
-0.957286678661	0.300698661424
-0.196142159987	0.429373787344
-0.973460062185	0.207411736275
-0.27466319756	-0.477273166327
-0.428151816812	-0.0012352483074
0.420023630811	0.807674013119
-0.57262771247	-0.327756372209
0.488457075268	-0.170919611613
0.127890417392	-0.941980478929
-0.441287293798	-0.355211781231
-0.796783117168	0.404248501829
-0.31938343363	-0.903945120476
-0.812257586109	-0.235735379922
-0.392181759396	0.00217545241733
0.561749595163	0.56092149026
0.144381167051	-0.1641977275
0.0413680344642	0.599538282902
0.478019406006	0.745581541101
0.970468266807	0.125511481593
0.930563928215	0.396960196098
0.64384054506	0.27431144508
0.0656870818773	-0.143910670713
0.168510413134	0.12129620401
-0.945869266037	-0.443766262894
0.0828318895415	-0.316480082965
0.858571515905	-0.692118038962
-0.143798119883	0.508977277912
-0.857227459981	0.871309079415
-0.665690341183	-0.154586058165
-0.802998959626	-0.111093914105
0.540783910718	0.783999613472
-0.205366056021	0.0933575249698
-0.796350268841	0.881472532699
0.409631393704	0.37337555928
-0.166593556539	-0.791532846529
0.307564448078	-0.543640491326
0.244456375604	0.106091207252
0.618361200844	-0.420714620864
0.424274233408	0.540414135023
-0.768656124706	-0.967592771687
0.021053216834	0.392724306332
-0.0875696567694	0.328352638888
-0.888563115036	-0.738097650846
-0.673960938889	0.756757705442
0.214108538465	-0.117871978178
-0.245994938657	0.473363997184
0.0650913168423	-0.666400070793
0.935580881766	-0.485088859817
-0.60711275035	0.160940574193
-0.898795649405	0.976705274146
0.07896802465	0.300668750943
0.384975134384	0.0257918514145
-0.757734401768	-0.802344333274
-0.796672847399	0.0460565889789
0.281447787682	-0.516304107952
-0.222255381642	-0.567167856614
0.0734317009693	-0.0823965071131
0.678407176404	-0.403034397863
0.0885098573485	-0.562300561813
0.354174539485	0.656707543798
0.231555746675	-0.0349264044514
-0.706864296098	-0.867346554849
0.868273533086	0.332739534746
0.0766641916488	-0.425035658241
-0.337761180821	-0.491977406989
0.313785111963	0.263162985284
0.676891880205	0.582103156201
-0.357139566603	-0.517007363721
0.126630325992	0.996580839849
0.743800062815	-0.163741992043
-0.559723343529	0.513969514407
-0.224885092089	0.966641382666
-0.734388162	-0.316467139732
-0.964185109158	0.261771880219
0.564533059482	-0.0608421536052
-0.865455048203	-0.855181240874
0.252154042493	0.605973280804
0.11622021477	0.00563183152358
0.578627295799	-0.240956501134
0.547214465237	0.282114568388
-0.247607370874	0.567586473921
0.774609373985	-0.921510587904
0.6447952735	-0.916262331111
-0.600121631665	-0.275142729042
