-0.429954142453	-0.756383363263
0.364433861833	0.0920701311467
-0.16900684296	0.644651507135
0.845911266298	0.688099117465
0.0402914079619	0.542640716058
-0.87969884825	0.842103406341
0.909133095775	0.048983176719
-0.512910512123	0.127951414194
0.661656424403	0.576663632626
0.0333170603645	0.556890604122
0.644564265056	0.999219240149
-0.981224015457	-0.00945015180762
-0.0363132054947	-0.849447030118
0.80543135148	-0.067423312908
0.653380861936	-0.186299721318
-0.706084685325	0.170968912075
-0.20459422699	-0.211748866582
-0.96548901544	-0.533549742487
-0.120789602716	0.0894263817912
0.0673360927334	0.978893206318
-0.319563729248	-0.66040293917
-0.253974765014	-0.714040709549
-0.69759094732	0.949398031154
-0.319451242827	0.731788491793
0.43823019914	-0.88373500292
-0.536026140586	0.435995687602
0.848991681464	-0.531178276169
0.995677336101	0.60337692929
0.0683506158343	-0.727749432303
-0.511693500433	-0.868415458395
0.453805238388	-0.891451465975
0.547585475459	-0.0983208730353
0.862925811833	-0.786879241143
0.725283354274	0.0896811903219
0.23179626792	-0.660294206968
-0.200653081155	-0.164567791039
-0.270175268512	-0.737575392564
0.782852980907	0.519065288902
0.835870531964	-0.966054671939
0.921527674742	-0.558895585508
-0.769787061441	0.136339135919
0.617566529535	0.690553835179
0.596550147295	0.0834112493968
0.567662477832	0.822573349556
-0.762933954507	-0.641095596527
0.500756030049	0.47114010256
0.239528097148	-0.785407051404
0.665399200565	0.425343409295
-0.770894781874	0.186970922647
-0.468006177164	0.876648348893
-0.770422797792	0.62010390939
-0.915958998264	-0.491880908546
-0.392035958959	-0.700352080629
-0.673220247759	0.18545005942
-0.209432842231	0.532857731043
-0.0100404211351	-0.960269361322
0.538463968323	0.229000289227
-0.741022047372	-0.916381369454
0.143325659401	0.42508030094
-0.97892609552	0.494753603833
-0.430369154257	-0.68727530891
0.414636181262	-0.945348150538
-0.983629610606	-0.680059159852
-0.926391718592	-0.893386386202
-0.943213030963	0.652046868992
-0.270075838593	-0.915718150569
-0.520043799697	0.955273054595
0.0879977474025	0.197773400925
0.198243624548	0.291317253524
-0.26295921439	0.185918098262
-0.773176043574	0.300976076979
-0.846575755725	0.44398117095
-0.0298009270629	0.209338956636
-0.252662369282	0.970411924533
-0.263040968149	-0.335253596522
-0.14167143542	-0.413491864289
0.48591162909	0.133923684903
-0.443811979149	-0.533330683628
-0.988723456018	0.723612221894
0.83190324543	0.936120974258
-0.679757205874	0.414083045102
-0.425856841531	0.50039981676
-0.817439702811	0.489509976032
-0.4116519595	0.509218291884
-0.413220989584	-0.39360337592
-0.956494249991	-0.778226860201
-0.446420657365	-0.446543248364
0.363240134524	-0.853126716563
-0.0795635394063	0.894067577336
0.621925085043	0.594972995936
0.389834155278	-0.731514060759
0.621234030789	0.140530655757
-0.704393230688	-0.390248734676
0.404690158799	0.889849092994
0.294911245944	-0.863557151392
-0.972621121212	0.559077751985
0.576149934332	0.329392454463
-0.539463066026	-0.719028382359
0.391200126371	-0.727226666429
-0.921979222066	0.623964652009
