0.00155492428424	0.959722514253
-0.876769428114	-0.349611216307
-0.864306719306	-0.492850758873
0.120719298191	0.711335508098
-0.761502595063	0.0268091523686
-0.434707217872	-0.154877882498
-0.787724647422	-0.720887461522
-0.0438521798443	-0.206344598848
-0.348030412282	0.0291210000078
0.580472394443	-0.552538917026
-0.860082996694	0.990994919686
0.938745424798	-0.553581518722
0.158092406657	-0.173709960299
0.0311566391494	0.710507553732
0.694753395434	0.346048029599
0.499935331116	-0.625362936407
-0.562281949447	-0.638641503448
-0.933276304319	-0.623340031793
-0.0962387383131	0.39925643807
0.350781101451	0.436500138725
0.100377525993	-0.455501687552
0.0332625465143	0.923468920218
-0.811200003325	-0.10151521331
-0.365790422846	-0.123006195436
-0.993395159442	-0.870588885065
-0.980981916249	0.591522505599
-0.320025871309	-0.548527424528
-0.923905311292	0.878362104083
0.700913423474	-0.434137763205
-0.654136597785	0.430172132418
-0.700818857066	0.889206879853
0.986223002838	-0.329085168077
0.225211286791	0.673579104251
-0.105940926651	0.795341277684
-0.642084583459	0.87925667824
-0.502292817205	0.267393946776
-0.094057158344	0.465362243936
-0.426962373532	0.880364410105
0.610241176932	-0.907541152644
0.145620481269	-0.165683484423
0.495381031706	0.41065150095
0.378268045712	0.98078617303
-0.219015433467	-0.746834825199
0.939903479608	-0.707400633287
0.502330174008	-0.279185687705
-0.0785840767705	-0.876300441627
-0.393681137374	-0.836714188221
0.0991066398646	-0.581852479644
-0.739054127335	0.187836016119
-0.561949045193	0.7272452167
-0.0849475307644	0.596467167191
-0.931763154588	-0.620941592294
-0.938706051552	0.0671149495129
0.559934505203	0.484845393377
-0.816460219023	-0.658857970197
0.0956095216561	0.024408356206
-0.137982525268	-0.238058945462
0.569076946628	0.767526656858
-0.979709614391	-0.435411092399
0.0325753493442	-0.0956471752108
0.227937275736	-0.763240349099
-0.751828428049	-0.298785882317
0.0233009553641	-0.980637389102
0.269490689081	0.12034277746
-0.516693441235	-0.986314369855
-0.262526799517	0.1665642058
0.552659650126	0.876629338142
0.24577585938	0.926601400066
0.491674195851	0.887993566433
-0.448315496361	0.556656071111
0.414100481578	-0.993227021867
0.190834886765	-0.0566737355729
0.152990766501	-0.559932022605
0.300044142393	0.191659025576
0.961838354371	-0.750300267181
0.921354894448	0.0922430256496
0.422407357034	0.0544883708821
-0.635001331212	0.161165200064
-0.264106571536	-0.235039618722
0.82476913466	-0.0461113153564
0.38581055021	0.262796583748
0.866993044076	-0.620581342259
0.439865631838	-0.171411170982
0.0935478294362	0.521331789831
-0.657757258066	0.964426171329
-0.182545113759	0.730421268424
0.583751127859	0.0770053638135
-0.290983627308	0.0200751531403
-0.777238438722	-0.289535768472
0.933306934097	0.663896475917
-0.852468098314	0.294390686909
0.50912583769	-0.567833364546
-0.421567765301	-0.646157632121
-0.294409981411	0.234447013596
-0.0280543659909	-0.723004904474
0.688465088229	-0.970389572702
0.299169207132	0.562883126449
-0.377310182332	-0.260068364014
0.0759503231484	0.31827064366
-0.450113665244	0.0961656786745
