-0.169779008125	0.122224803506
-0.081840979563	-0.706170067675
0.756071765621	0.744917801586
-0.0739261873718	0.34126389102
-0.0786307258841	0.135567304196
0.565994694723	0.27412530983
0.175307720343	-0.579347437371
-0.517584156675	0.923586536669
0.790358530781	-0.471407350136
-0.481019926069	-0.652021294339
0.40479925307	0.313095595208
-0.600244167081	-0.126953224872
-0.112890833655	0.278080020352
0.566752670177	-0.611247978437
0.588469395286	0.68374350881
-0.175056044083	0.737077292887
0.728777169397	0.577821913801
0.301118641371	-0.257490582779
0.878178342532	0.290233197535
-0.354427297632	0.523179239848
-0.664376736529	-0.332353145148
0.685854558128	0.190253129285
0.0914741820599	0.843845976889
0.732386090852	0.0415644584384
0.106509116429	-0.507621418492
-0.184490281673	0.868197724426
-0.365894003181	-0.414345832918
-0.634938537053	0.917189786837
-0.314758746303	-0.921715486465
-0.961978249928	-0.542676916023
-0.307761378366	-0.0408911101883
-0.553336118708	0.526290594209
0.787203101833	-0.446132008731
-0.300993869732	-0.238923954787
0.442848969005	-0.238971266642
-0.1920226391	-0.961742891411
-0.609618679931	0.152216946982
-0.203150383511	0.554550566099
-0.747802407858	0.373027972929
0.215780454069	0.155923034376
-0.334134588324	-0.683226357424
0.801219872445	0.997118458396
-0.27828125257	0.49653207334
0.337175394499	-0.915675267359
-0.306236585602	0.0930157440715
-0.792630378535	-0.627661791036
0.561853518718	-0.443664271647
-0.468288678906	0.385032594462
0.796373194564	-0.43630809616
0.949586562145	0.697701639754
-0.316241034299	-0.511648417182
-0.333797984827	0.112874293094
-0.441984526294	0.569630352423
-0.87854528107	-0.0206143860171
-0.80593228319	0.898513573714
0.989446235822	0.10511792226
-0.0304548768168	-0.554528609164
0.596147811574	0.498415086556
0.33410792684	0.861132463445
0.647077349732	-0.600882759777
0.907196807859	0.674954580306
-0.434242985147	0.914419644091
-0.997362038843	-0.423436005083
-0.891968266773	-0.265843930878
-0.78843981811	0.122858151137
0.181699472206	-0.412576030956
0.321092242534	0.495302469262
0.85931222644	0.197167290333
-0.0395123216982	0.825246861133
0.717798372864	0.965461211887
0.414253930992	0.965473863902
-0.274024919717	0.413174045821
-0.361042121688	0.724428943329
0.767734396741	0.574815672014
0.0366253266439	0.736021631891
0.21416072983	-0.373737560861
-0.669593909418	-0.803105443434
-0.162614460937	-0.772564603871
0.445089633449	0.853940007516
-0.521294363244	-0.675929667851
-0.223125202825	0.87935702677
0.465248466144	0.897437282166
-0.773623672578	-0.0823496451322
0.673079937373	0.922683124316
-0.674887961866	-0.25249420694
0.631742580106	0.568754629355
-0.10413357952	-0.233606813943
-0.269844716073	-0.051873928704
0.484168516167	-0.452856710502
0.33490270033	-0.994306100882
0.193071444052	-0.27430218005
-0.805768389276	-0.342506089566
-0.672443538984	0.460077442463
-0.907878195356	0.0270621658416
0.95432747279	0.0668152467772
0.609613403453	-0.917565803837
-0.537038791878	0.20327723629
-0.902982332217	0.401492707098
0.254596191512	-0.400017018774
0.752757157734	-0.00759061643855
