-0.280411463776	0.0650527863273
0.316363512688	0.573506657204
0.173490778625	-0.104668799078
0.753155987671	-0.188334565443
-0.223663053817	-0.905647468899
-0.802592286444	0.630915634108
-0.753876194942	-0.827646096629
0.167247245007	0.230737916307
0.814554188414	-0.470293665972
0.0403034078699	-0.264143583987
0.249478979372	0.885375996506
-0.948996859699	0.802493881556
0.721266908007	-0.120438452282
-0.000522169221572	0.6619806766
-0.586442683038	0.966642104341
0.533353511758	0.521023574762
0.0814853251967	-0.382914687043
0.481174365011	-0.172361956174
0.90436169788	0.0519536853407
-0.234828171753	0.451470609497
0.921158482619	-0.965120430932
-0.153114414065	0.450092583651
-0.35154114243	-0.170314569569
0.526371091614	-0.572340494253
0.689809278826	-0.226547423855
0.704516421082	-0.0764230487224
0.177294932007	0.802878624807
0.858301344528	0.196103343618
0.705263221376	-0.789856245447
0.236661499292	-0.455181782703
0.131141030031	-0.170401617262
0.722059240282	-0.361365344636
0.940970504869	0.194719830045
-0.456699674833	-0.989414842689
0.486623176529	-0.719115559564
0.152956217007	0.296357957336
0.569391927376	0.960554649323
0.47617703142	0.381506089438
0.449067070549	-0.898851833741
-0.833912448911	0.360497024346
-0.476236067381	0.716392579093
-0.589638509943	-0.795700787694
0.729693089268	-0.111023965479
-0.109300679495	-0.671575731334
0.342943989468	0.702897954387
0.0023887791102	0.494496595017
-0.728127173046	0.0187907200095
-0.130117086689	-0.723939003266
-0.110045420397	0.949528816158
0.685716565163	0.180566264778
-0.723346038222	0.407253369899
0.947791226249	0.597885168571
0.119012429389	0.680654036675
0.469886952667	0.870686664185
-0.535969033456	-0.0485941730874
-0.472225078096	0.909461811974
0.942989585639	-0.94271078237
0.192305569013	-0.690358462319
0.162340268864	0.341366299612
-0.161452634474	0.42041515738
0.598724735843	-0.420421165172
0.293944746288	-0.306627237573
0.375856546169	-0.0175658568563
-0.649157298683	0.550233439588
0.382566192251	0.0810593289754
0.430054448321	0.502989411674
0.449537341622	0.504467150342
0.895446981926	-0.477862279422
0.150728867044	0.909756660544
-0.324115919646	-0.76509130613
0.140639446496	-0.114694576386
0.564568439072	0.460399089693
-0.553166400072	0.612518763262
0.92409853386	-0.989682848485
0.303817503583	-0.0705926495514
0.619804088406	-0.630175521766
-0.292906005033	0.726639869448
0.620853583972	0.743901923806
0.235325074021	0.414244097395
-0.415980860799	-0.185503503113
0.587583457684	-0.0692532028726
-0.554508536221	0.582588462722
0.395112631889	0.746561360103
-0.248342738593	0.321706584789
0.972116773373	-0.425554541905
0.259628415335	-0.740397342711
-0.699474939307	-0.841849016715
-0.344962425895	0.65029793012
-0.570230401526	-0.528259634916
0.263175247646	-0.509534698206
0.475780343257	-0.269436620874
0.710548900825	0.643558677655
0.37097180949	0.0817707790824
-0.949365275455	-0.71635452
0.738279867096	-0.987897356478
0.383978624746	-0.919223828033
0.356371751482	0.402990484634
-0.356242777991	0.90090696971
0.15734059393	0.397048787417
0.314173256366	0.800097336077
