-0.500064952813	0.70825722969
0.80133096151	-0.264006714263
-0.734674639373	0.298797704623
0.665368028714	0.40184842679
0.248630719263	-0.490025297535
0.577051106579	-0.510538529969
0.406672511105	0.676753531822
0.555981048839	0.203960544891
-0.0475456847648	0.385529537857
-0.872550075898	0.462070575348
-0.685660999928	0.485909047161
0.531865355906	0.650529436298
-0.642370245457	0.515751568032
0.322611896649	-0.549903999954
-0.347442152486	-0.866677225794
-0.303576183106	0.188874106945
0.830945231073	-0.756060060672
-0.544545381326	0.804269754937
-0.111249708416	-0.0284427044349
-0.504530434314	0.700202473021
-0.371953555508	0.693079103885
-0.355226303125	0.684779720179
0.971478528665	-0.778079398971
0.382933988019	0.454563579459
-0.311329294784	-0.132623565245
0.37286763725	0.866524948735
-0.0537153455252	-0.73011604741
-0.85265453691	-0.36555540085
-0.824163535954	0.595838214503
0.129741844211	0.966937310901
0.150292138538	-0.332149578456
-0.995065740671	-0.147582827109
-0.409599198426	0.937271237844
0.745595998618	-0.572841388743
0.794797188922	0.974342009354
0.633480808702	0.73202679647
0.73859497653	0.219094621709
-0.452117195883	0.428487915811
0.997024568186	-0.192863842087
-0.247426568724	0.271284117351
0.224654023401	0.340414418749
-0.0479833434122	-0.924988085073
-0.484299263089	0.270619480873
-0.831475937645	0.514260447997
0.208919341076	-0.810428572709
0.371047796307	0.774179270738
0.549033529204	-0.9223066617
-0.255111943583	0.385089531826
0.648130006761	0.460101139288
0.605334152557	0.705195720368
-0.839020739392	0.76475690686
-0.934701960431	0.238405365959
0.729379167702	-0.676155002723
0.346997312705	-0.0171282839781
0.227444587376	0.127595358357
0.708363513449	0.167844622254
-0.526396026915	-0.233113333905
0.977272464323	0.210561529062
0.296913469584	0.221722320884
0.439341183475	-0.1833699191
0.76118892368	-0.339224054849
-0.943953337636	-0.23363189635
0.665995433591	0.334073444036
-0.444028023804	0.199873835838
-0.535841965499	-0.904859148959
-0.171425155233	0.884671502493
0.405557857212	0.517121548132
0.176237038206	0.129058091695
0.961954979445	0.899963712946
-0.712320227724	-0.34297994936
-0.881113108112	-0.497707410559
-0.626010894617	0.334993399735
0.674408498428	-0.959871708896
0.585802398334	-0.522224625112
0.0966922049122	-0.244978015782
-0.814860417974	0.887171699606
-0.225628290656	0.161132902907
-0.825683160514	0.0089142935352
0.266117099204	0.202136788879
0.19993633201	-0.523875994498
0.804792923589	0.713149683428
-0.877452919185	0.357440436558
0.609360993911	-0.239587493183
0.610141366439	0.800262750203
0.614641304387	-0.433302089982
-0.925143668263	0.825022512196
-0.704688861205	0.0978926483488
0.232753378473	0.330094558709
-0.121350924221	0.410344613973
-0.367113259959	0.25766604522
0.138682074069	-0.521231650343
0.396226921746	0.789228346965
0.240265857507	-0.948223386845
0.186415783345	0.903015474884
-0.156722979099	0.224116018415
0.427141456273	-0.115732635786
0.113551083091	0.329504775643
-0.623250123264	-0.607005948964
0.504122719307	0.150983177175
0.126495319016	0.832682492585
