0.471074809591	-0.310063493937
-0.274189388142	-0.453563484866
-0.109267131975	0.103013824547
-0.571057710991	0.340457231367
0.512077452041	0.173482117141
0.641904728327	0.663460127753
-0.976473511526	0.148885480174
0.376849079195	0.991116112463
0.96420959803	0.525976130622
-0.9901461031	0.31760418514
-0.107000815518	-0.794063418777
-0.0686811410254	-0.466182188348
-0.602445663726	0.78815119444
0.51244638792	0.987117933989
-0.71180077984	0.0606325774964
-0.252868183085	0.74438727657
0.299779922721	0.382784956412
-0.981032633042	0.702666899003
-0.967444472046	-0.0411884892481
0.450938012738	-0.687467695047
0.651870223607	-0.616758486802
-0.440541505913	0.0153543089816
0.27857164677	0.975648519162
-0.142422298275	0.0444548953668
-0.470756397664	-0.665556869818
0.285994619767	-0.650743836818
0.269421662547	0.126376770079
0.436094075291	0.718563210737
0.593261080179	0.707667387175
-0.184802953628	-0.436182111641
0.991861155258	-0.293277726067
-0.598020190309	0.913471132023
0.869099851132	-0.0577118173203
0.505778197203	0.249457709673
0.64917223951	-0.431326851518
-0.355440479493	-0.424330401343
0.907069240994	-0.0455212567613
-0.150724668899	-0.161671324653
0.427241687715	0.935521753555
-0.480146375412	-0.535674081901
-0.44659174552	-0.952140510425
-0.2925957956	0.00727068979712
0.387003080632	-0.434087095284
0.850069229101	-0.722847307611
0.317974318887	0.369783911795
0.616847978165	0.742032698659
-0.612409773331	0.453600750455
0.0266700266708	0.492863409094
0.0520280398383	-0.578677134655
0.839313737285	-0.553709461943
-0.0834382182804	-0.986955650444
-0.579738020513	-0.924508999529
-0.712501192873	0.56669575602
0.762384957088	0.404698504901
-0.694004685417	-0.70888088481
-0.101690351994	0.948924786612
0.689797694809	-0.168477606219
0.148352580821	-0.659029620718
0.39727700348	0.848580437775
-0.301073061666	0.838168835723
-0.640668812336	0.8452879201
0.283962329791	-0.408044704967
-0.488617109931	-0.431146197161
-0.836619778833	0.153352860969
-0.885279915363	0.226813796691
0.559457583841	-0.308810046187
-0.471585805441	0.589256414277
-0.297555229018	-0.0430660008743
-0.394400439027	-0.102835630862
-0.459822151677	-0.492120995351
-0.215489435783	-0.798196325532
-0.778918303034	0.156879216747
-0.552445191869	0.664912906394
0.309710088884	0.716897954388
0.151264463017	-0.832870749718
-0.802919082351	0.578237391144
-0.889711426178	0.839579212087
-0.309666491125	-0.141976228417
-0.253996928271	-0.0505811069955
0.800812478308	0.209795861428
-0.695833319819	-0.388512264392
0.0882605502762	0.21394322545
0.240791602594	0.762850061894
-0.290922618366	-0.379720266655
-0.483840783358	-0.639265162812
0.553085331151	0.796891757953
0.167645785472	-0.309374051818
-0.931112567952	-0.550279895222
-0.214049173105	-0.330902452789
0.0485396010633	0.240227480574
-0.319359963004	0.0642902145952
0.128469298981	-0.0748614047395
-0.0413129505256	-0.889828880873
-0.113302193559	-0.817177730468
0.0543201486012	0.942459175076
-0.833834138587	0.699296394063
-0.436038965473	0.535502401193
0.387506314938	0.571132218907
0.274753348765	-0.326026665548
-0.787013689794	0.889035190263
