0.0808514117543	-0.176539449455
0.455443256492	-0.882784396034
-0.267351237876	0.313891692661
-0.82893679571	0.895727877745
-0.0645985667047	-0.97957253
0.878305664543	0.193882994975
0.0980631190471	0.403361075952
-0.384153345878	0.193058340536
0.233254210379	-0.131451814056
0.976933649026	0.508046263805
0.546831671408	-0.310815994714
-0.976122109705	-0.231507959896
-0.40310762116	0.562391691468
0.646186045633	0.946429530274
-0.876486564487	0.708108822722
-0.400674595474	0.126287523031
-0.67599353349	0.0575778431775
0.629852011822	0.0467717142615
0.850189574202	0.386678542611
-0.993277300233	0.551063544094
-0.532466121793	-0.492332974973
0.43990312029	-0.351314084583
-0.453993741511	-0.955995391063
-0.0875142612743	-0.994483299373
-0.935831841735	0.0406073168776
-0.991707748421	-0.609881310746
-0.239749160309	-0.755277147373
-0.0530006900057	0.185425498951
-0.297985171995	0.652132784269
-0.897838503727	-0.113678329962
0.920631050659	0.243997864449
-0.664819158011	0.311042271729
-0.558352085397	-0.574313696419
0.625496662415	0.430514901839
-0.530148527656	0.0205557641441
0.572343891411	-0.786130196905
0.807125379885	-0.915634978363
-0.974434818486	0.124536346541
-0.85287019293	-0.289459437136
0.70946452042	0.161723270127
0.707702161872	0.929508255658
0.67877905304	-0.403303954122
0.390968239122	-0.169795537485
-0.225785280162	0.718057962802
0.563507782145	-0.532192081427
0.228056968301	-0.516107197301
-0.668026998705	-0.834481061631
-0.535194098479	0.0829385712301
0.563946978349	-0.739286783593
0.106732580629	0.972484307655
0.17881664079	-0.170941003549
0.31505189737	-0.389625475922
-0.855893933612	0.558719964475
-0.243227440125	0.455423843668
0.888337620864	-0.0216278353911
0.0827444084861	0.310124567668
-0.149071428794	-0.977621288919
-0.8628940662	-0.740593302921
-0.41654959642	0.557935980327
-0.255781813109	0.356157029114
-0.445452871805	0.0940701577893
0.526807411869	0.298184870887
0.272823498223	-0.222646292956
-0.604453002766	-0.453946265167
0.0565305300289	0.634124154927
-0.934391392104	0.619191691766
0.590146996959	0.363143215686
0.963148719809	0.278394375925
0.353219528674	-0.405624691927
0.272863893978	-0.693022299197
-0.607069142913	0.23233926216
0.567649094343	0.733466009941
-0.205414560445	0.370113407642
-0.738756990339	-0.874718846224
0.753896422225	0.581535386146
0.79820138215	0.555438862782
-0.668102529786	0.439183859122
-0.472185977036	-0.0405809268964
0.716703752469	-0.360772098044
0.291180640778	-0.603986328528
-0.365189014185	-0.845924758889
0.791208615631	0.785827774235
0.972821424911	-0.74789137012
-0.150838656553	0.651135840707
-0.915453064596	0.849912542781
-0.0991514654181	0.28703124138
-0.187164913428	-0.47587234694
0.93229956839	-0.281703771691
0.887570993028	0.433137667216
0.471375780754	-0.0896339700666
-0.146786093675	0.919189368427
-0.942583186755	0.293721151082
0.207620496432	0.383686099504
0.0145329510176	0.0593012772216
0.33161197717	0.0355278657489
0.491330662953	0.274731450382
0.00753146365454	-0.590160529577
0.193712965867	0.351780689054
-0.594766867448	-0.0166140922627
-0.901907150892	0.768224026709
