0.868634516027	0.0133739096515
-0.819450363724	-0.0745745620307
-0.599956911087	-0.275333454659
0.77574410503	-0.634296235057
-0.188100958344	0.47683828991
0.518799798572	-0.61007419401
-0.798136611339	0.412735062887
0.748122865827	0.973673377395
0.427332766231	0.506727786656
0.898248919226	-0.337581473498
-0.887487959315	0.961291607584
0.441631977072	0.655137944887
0.317982737347	-0.494280897258
-0.66177331902	-0.722896392672
-0.0628366467459	-0.727265346667
0.0736519134485	0.962522590029
-0.230308529899	0.67719345338
0.321758946087	-0.171443022809
0.184819079994	-0.372116495034
0.9927491474	-0.98150522682
0.619728309556	-0.710547837043
0.851283132057	-0.613490753369
-0.79548057481	0.461400025302
-0.212195006094	-0.972748310735
0.147060499575	0.705112718125
-0.842061199359	0.0645436575189
0.750237059756	-0.291997253015
-0.813854733852	0.632892542562
-0.75249272298	-0.10778784313
-0.769787798728	-0.908695155684
0.413824875534	0.0151084145332
0.276239064928	0.0136389320253
-0.734472441914	-0.121260696471
-0.0109232902579	-0.626620555709
-0.600712470403	-0.126941497059
0.114935159279	0.456273023001
-0.586693823043	-0.874688111927
-0.514567795307	0.794370482942
0.258760255726	-0.683428384073
0.331753898263	0.291746876802
0.807693274464	0.158242688788
-0.235864231575	-0.946762667955
0.720502213257	0.612850672843
0.346205888474	0.138359096648
0.896101885081	0.27814767547
0.548016984742	0.166272447401
0.478061270401	0.175230585475
0.589473270217	-0.134731918723
0.943332070152	0.846631333462
-0.663667898323	-0.863641362263
-0.93222390594	0.806185511051
-0.150401112698	0.210415374228
0.930941594099	0.154289144228
0.561760420574	0.7276041081
0.0977832885774	-0.12442141966
0.17544090614	0.298421290107
-0.389707356662	0.702557369844
-0.0793099534555	-0.332185949063
-0.111409958877	0.320871323954
-0.806658045237	-0.456681053055
0.999256345869	0.878665188283
0.893034988024	-0.523469392467
-0.578958682198	-0.708248153123
0.789011486177	0.535744497611
0.733724778945	0.977286507788
-0.188608326717	-0.368900294008
0.920845840408	-0.221677670597
-0.152796379348	-0.397822521527
0.223657491273	-0.508855240563
0.643712585323	-0.663809697422
0.343534980214	-0.859326259403
0.655957922292	0.936776776364
-0.145973384445	0.943504132468
-0.272436759361	0.621728186714
0.0983235055183	-0.147929765871
0.389595037915	0.121170501549
-0.273147650178	0.838850301914
0.363430377649	-0.429863519666
0.483938376396	0.754074716019
-0.53186719449	-0.681168281387
-0.782347014182	0.399489135196
0.0440969805563	0.390523408447
0.972977257508	-0.540435210153
-0.0320004406349	0.0380317532526
0.271183456606	-0.961543630163
-0.734425005546	-0.0505540463945
-0.576946167858	0.556550987629
0.592600975571	0.347673441468
-0.554648972645	-0.564592938862
0.527895756406	0.555092361012
0.484321017303	0.401372581336
-0.626946258162	0.828080197646
-0.349269198978	0.0104904430321
-0.22853237088	-0.202593555313
-0.512041211975	0.147288817747
-0.853797000331	0.524842332984
0.78858168994	0.358638162374
-0.70058486242	-0.186800844194
-0.252992187488	-0.55238463596
-0.0247023178481	0.850372732824
