-0.639667018322	0.579083276937
-0.0937698420659	0.525235130983
0.354466276158	0.948045420418
-0.277056332921	-0.79794473395
0.403624896707	-0.776541235883
0.572425719037	-0.0564264280679
-0.444780117006	0.0584513151207
0.459147193212	-0.684941530893
0.172668772183	0.517364374894
-0.245018679039	-0.83759663977
-0.86400644204	-0.817172338309
0.912140999333	0.46400245184
-0.996987018463	0.608214268816
0.855336958375	-0.108946183072
-0.108300743906	-0.646644207548
-0.7192411184	-0.611651843991
-0.979481946747	-0.373636703167
-0.900884819132	-0.107546249612
-0.0348285093732	-0.210277668963
0.930424873427	-0.0852713040771
0.0119270935244	0.533908694568
0.160040737398	0.0954528150121
-0.282726778723	-0.32044020829
-0.114946207224	0.446298655669
-0.654217511471	-0.25896193246
-0.480976018952	-0.719740849769
0.029105571276	-0.785191609102
-0.876683093891	0.56572105645
-0.659983330056	0.603148912786
-0.142378883203	0.65472772932
0.99123641914	-0.65247756398
0.0407845265319	-0.273975992568
-0.594089559952	-0.941669881201
0.172010331368	-0.855381180698
-0.327838949892	-0.606664169448
0.682156076438	0.450860655052
-0.447615310085	0.413846671621
-0.706497073167	-0.502732423591
0.596990548055	-0.441002663553
0.751687230715	0.0291210624309
0.827470340854	0.0560271594722
0.792226923708	-0.866760728546
0.140420865435	0.398107263871
0.394635857348	0.8056049084
0.284107932172	0.340913411092
0.0332170664824	0.760829581719
-0.107176032756	0.315252353055
-0.450601564025	0.531450871714
0.850495201629	-0.914627104708
0.196984635574	0.424878542485
0.163207765789	-0.71546344252
-0.701338051379	-0.31991915444
-0.956497952942	0.880788925838
-0.680018635139	-0.700221448581
0.418937536286	-0.0415729884982
-0.228775176905	0.273759555894
0.987472522175	-0.636922953147
0.691814282969	0.508953893616
-0.396685010666	0.398021098387
-0.317370569511	-0.63873667168
0.712609019613	0.24858400753
0.917618143525	-0.777448511602
-0.508200005233	0.770859406075
0.473108477178	0.892135570922
-0.0128181936752	-0.517086268639
0.524909024559	-0.479060139227
0.377309847611	0.161089420564
0.357421760035	-0.747988995975
0.907865070564	0.972783367263
-0.806154417302	0.397398049279
0.304594966882	-0.200909899402
0.614395502052	0.0272329914958
-0.617673712033	0.707959035169
-0.32624365218	-0.0692800582625
-0.839018653258	0.452375136905
-0.483513062646	0.125375641789
-0.9295934693	-0.295405315923
-0.89692866996	0.906690143826
0.989957653196	0.948975414799
0.209001250118	0.131113385885
0.80816963609	0.800600884906
0.990012009804	-0.0421131460093
0.455635598369	-0.742208352319
-0.415529513642	0.111057039025
0.857018400792	0.658926275251
0.657441952101	-0.832574044477
-0.354112521121	-0.870582185477
0.902892161794	-0.412561789997
0.661326138741	-0.761319757272
-0.397730800238	-0.623911192878
0.635873809908	-0.617208336066
0.00842898602523	-0.467330601545
0.177601901166	0.690039725388
0.97806210674	0.753073770201
-0.584203800534	-0.332036314811
0.873423132181	0.634958722602
-0.384852165752	-0.781900570628
0.470046385968	-0.0857036738377
-0.230181497795	-0.518097704757
-0.362179628279	0.881417856252
