0.372166669329	0.286616579945
0.744235662685	0.906851451527
0.806886470716	-0.815994538548
0.0838002467546	-0.208394961863
0.344704350203	0.0899919178036
-0.279010408515	-0.710245039461
0.987223614356	0.733757513085
-0.615865689899	0.34508833158
0.911704468145	-0.670198102802
-0.706584610143	-0.0223092029448
-0.474782880708	0.3702627599
-0.00319312859326	0.153753118908
0.456953559221	0.181901478967
-0.125404183433	0.099537041465
0.563720117647	0.248006210828
0.467655359054	-0.969165084057
-0.865616985379	0.67274968413
-0.904580139627	-0.56446609823
-0.942849004968	0.705191716886
-0.785816097469	0.254787190469
0.315587274737	-0.156548587351
-0.25526755033	-0.924851798381
0.684882968592	0.781593559243
-0.174024599564	-0.455361137666
0.192958794189	-0.319794771769
-0.930309079743	-0.206497169144
0.354743154169	-0.844525950282
-0.467781297143	0.881465263941
0.701164015909	-0.398734275403
-0.0905059089721	-0.745610227766
-0.538660377748	0.593458630543
0.630338448431	0.285820061599
0.42211086029	0.215996836924
-0.617482681078	-0.933954384207
0.530157265528	0.115003729031
0.833805430851	0.546798131423
0.0214878469949	-0.329895984331
-0.825807887895	-0.27006372163
-0.383213484539	0.463971204444
-0.0663039456164	0.73253957943
0.358925909421	-0.5930281775
-0.99616953532	-0.519145974907
-0.478220832323	-0.646198566342
-0.359462434125	-0.172393410576
0.259048148043	0.316945173822
-0.112037204203	-0.805004537576
0.18113223075	-0.97781568296
0.167091113653	-0.0649779120317
-0.703742851101	-0.0345931464174
-0.378142612519	-0.777686153665
-0.432619786817	-0.119020061233
0.572162405942	-0.549924911092
-0.22195798661	-0.455135456853
0.791327333187	-0.683851643037
0.550529196932	0.829203855405
0.525160090884	-0.13403521139
-0.753024615586	0.826966509298
-0.559433459332	-0.659121613217
-0.25708473304	0.965508625862
-0.632871940602	0.0453117734682
0.598278046744	-0.901053882349
-0.27786520545	0.785131391046
-0.683543978423	-0.323922040369
0.738849937796	-0.9012341278
0.313873551821	0.483592739958
0.0311835313078	-0.35943886623
0.562734757612	0.737333507072
0.719009745315	0.488654190059
0.273151322433	0.634672206759
0.907606474997	0.702821009751
-0.193424718955	0.583835663215
0.993621575358	0.291709969057
-0.256185525777	0.993752403498
-0.226635941935	0.0714650890725
0.0516587554032	0.302129676935
-0.747327313935	0.224268544874
-0.585240068213	0.0694363972699
0.651434882545	0.400330257574
-0.530805994317	0.915502962477
-0.0572198141059	0.154817330965
-0.826208726649	0.0956097179382
0.975867971128	-0.110815089238
0.34772138425	0.404043063743
-0.912077757933	-0.234725541119
0.68809645023	-0.14988037963
-0.940132154767	-0.24433622853
-0.192094782662	-0.47633838026
0.620394555161	0.11936379749
-0.374307792786	-0.432984595974
0.629906317625	-0.270206379061
-0.793548199051	-0.330849071474
-0.48652156649	-0.649900751793
0.680001064652	-0.28837792969
-0.734226660206	0.284251616659
0.33646130816	0.483515774596
-0.0450029045406	-0.142468973233
0.178744839596	0.641626426113
0.00656524000826	0.868262727304
0.00588520886529	-0.700728407339
0.766212139286	0.368386201074
