0.329875030538	-0.0566715719193
0.294751446151	0.930765280013
0.60994702154	-0.558341706518
0.838029501176	0.407166968102
-0.826657310877	-0.105789529043
0.567465992386	-0.554561147748
-0.910990804903	0.488157191545
0.863855521921	-0.132936044812
0.983630052053	-0.984266378959
-0.693748161892	-0.0625368991511
-0.512553127142	-0.941775154938
0.454718107694	-0.279692945748
0.333584179036	0.567472431928
-0.422619975318	-0.572934002773
-0.163660208092	-0.782738617768
-0.188115095402	0.519293069471
-0.286628404365	0.549798130744
0.139404250477	-0.199331976648
0.10844910096	0.308102556427
0.0921249918778	0.966083653397
0.199291650076	0.483409689869
-0.382271803818	-0.450553091318
-0.0896580705351	-0.982864730565
0.856113309834	-0.30393877642
-0.460787061239	-0.9760790675
0.164006628457	-0.121279164707
-0.629974185487	-2.72510942634e-06
0.765235365294	-0.730679683059
0.542655974926	-0.246065273351
0.988042474677	-0.812133505116
-0.691082274744	-0.478058479888
0.36251505313	0.588647614028
-0.124427295363	0.14042331172
0.45848931192	-0.939892077081
0.897674257799	-0.774396279934
-0.308849968879	-0.736338060672
0.826429810315	0.543862081468
-0.311562337487	-0.15891809881
-0.0869700192122	0.633761311772
-0.853991752185	0.631388773297
-0.81257660963	0.061177688051
-0.0518135908722	-0.800782076323
0.500260959192	-0.86663669408
0.637485481828	0.126565089903
-0.671380994246	0.458444526101
-0.395069620528	0.35714970546
0.555561849207	0.818037490392
0.659386137375	-0.322658275637
-0.662703183421	0.241902447967
0.131595269093	0.0737032544763
-0.121417742036	0.800673677932
0.985678177796	-0.0765771979751
-0.389325780659	-0.921715581526
-0.701947151271	-0.651005329326
0.165593816564	-0.882336266736
0.45974616434	0.651741282829
0.217348802038	-0.742340075895
-0.339643211591	-0.991839854717
0.455852500833	0.216929593675
-0.0499758385364	0.502500562453
-0.364298121233	0.630425700884
-0.607368420051	-0.632729996801
0.0652859096873	0.695819310892
0.322749776359	0.198500208151
-0.143975278311	0.722250099469
0.540456353128	0.173889193969
0.754116061667	0.546906337466
0.19683389074	0.760132514064
0.948512390514	-0.338427405784
-0.570509709001	-0.145495086711
0.741956182401	0.988529094546
-0.784476804971	-0.0835984451695
-0.0424657451254	-0.308814887825
0.507606226699	-0.942408754246
0.503874267625	-0.474754138462
-0.0205987396231	-0.931782522697
-0.694458306898	0.947235192056
-0.201702032352	-0.0229203792287
0.763360088657	-0.148599334394
0.885709052409	-0.728629480198
0.586799940123	-0.879120981054
-0.0309689064472	-0.134737709074
0.0825455355919	0.632825868864
0.614769233947	-0.621910044957
-0.0180719767513	-0.0350872251852
-0.254538166106	-0.829831141833
-0.626529988075	-0.898663687397
0.380235658063	-0.80271212842
-0.629295170588	0.125530201399
0.322326128126	-0.340672958306
-0.60265033873	0.507622546308
0.376379104598	-0.505237221422
0.613911085231	0.879161873026
0.500699502333	0.703708355429
0.707120195552	-0.942275298999
-0.656028881275	-0.85169783089
-0.376924352045	0.730293877013
-0.233447000899	0.323505232538
0.401110437096	0.269407059099
0.546468205903	0.42046218982
