0.73862451574	0.0563657078017
-0.00897595066275	0.508386876867
0.566278636714	0.512517233463
-0.526864186198	0.363631551927
-0.0758059035658	0.78660373828
0.953071833017	-0.535733572111
-0.551568940364	-0.710373042298
-0.705991467573	0.644771801968
-0.216559588265	-0.565467285539
-0.377239903775	-0.631102077813
0.294767760983	0.238696729691
0.849490705856	0.32890211212
0.211089687701	-0.188868535643
-0.934734286297	0.172708420322
-0.149471375668	0.612498322092
0.175119754202	-0.912103646392
-0.390876697152	-0.873141368968
0.734030440762	-0.106929302308
-0.627262090515	0.401407745886
0.90408512444	0.838269649141
-0.671742535803	-0.117581087487
0.712117956088	-0.346737399068
0.494059383138	0.578191551165
-0.524084248331	0.337390740362
-0.770237543607	0.896486844477
-0.214240607265	0.195770957879
0.564651369234	-0.0157567693196
-0.805788778305	-0.246324675127
-0.146020680522	0.460395448738
-0.613413930675	-0.690000247424
0.668335969441	-0.223627907846
0.728334839296	0.812815735258
0.501528266829	0.866331453095
-0.759350883908	-0.80671791904
0.164955355175	0.151562679445
0.467007936041	0.623488979234
0.630818942284	0.271886914817
0.0713185509231	0.59933678003
0.708262333425	0.844527850214
-0.658542249971	0.70713965192
0.578242520108	-0.259454243343
0.514631257407	0.975866221567
-0.280787667142	-0.923192997372
-0.32190237653	0.359652181017
0.358584373871	-0.420564078409
-0.0357353362388	0.830055702923
-0.670057926451	0.97340740188
-0.316669640166	0.534485953488
-0.769608478451	0.0396961537883
0.585841151887	-0.678969399496
0.448999334994	0.407171180242
0.449187644635	-0.481372970103
-0.851978795311	0.0901488267187
-0.0609401771835	0.0248097966843
0.00997749087275	-0.645020362492
-0.636443988168	-0.953267250699
-0.657534198833	-0.983651889934
-0.101848651378	-0.00664773137757
-0.346049079588	-0.276342054772
0.0338843292174	0.533943875355
0.507797182076	0.854402541176
0.65769373093	-0.768352544698
0.0363683100722	0.963650276603
-0.539683805142	-0.708922652232
0.688047335231	0.0984271625692
0.469969227353	0.517645933509
0.269506196346	0.112599493542
0.355747273481	0.618214247584
-0.210656308344	0.0606426434848
-0.910905643397	-0.490316773654
0.429278794236	-0.470218189637
0.32410310309	0.947202445778
0.43626798628	0.102011191531
-0.0256876651063	-0.88628821012
-0.498207893638	-0.876018105361
-0.772680258511	0.264872539471
0.244174909838	0.555192149997
0.674109931742	0.542454670954
0.224357014358	0.293210447326
-0.561032638104	0.387072898613
0.517928704577	0.324189186734
-0.383491229843	-0.205873200796
-0.475460443137	0.0845130611683
-0.143846777477	0.715907745369
0.0357803679374	0.319154723115
0.890677975118	-0.572136044709
0.727283770882	0.206612719188
-0.233498117005	-0.646374753477
-0.2618615347	-0.970473415723
-0.490715841777	-0.494079877097
-0.0875874264216	-0.803888614163
0.247421704775	-0.836154023901
0.518176375877	-0.514446817761
0.453085077619	0.21456508758
0.821968341893	0.546463842484
0.35073472245	0.127929500854
0.485818144722	-0.474645431819
-0.0721182348409	-0.40036532989
0.0511422998741	-0.850748788006
-0.855461141992	-0.0338407965612
